0.000000000000000000e+00 4.019440285917837485e+01
1.000000000000000000e+00 3.003726769837218313e+01
2.000000000000000000e+00 3.003287889666016142e+01
3.000000000000000000e+00 3.002556224017853737e+01
4.000000000000000000e+00 3.001531475128568616e+01
5.000000000000000000e+00 3.000213226689981383e+01
6.000000000000000000e+00 2.998600944417277248e+01
7.000000000000000000e+00 2.996693976785980595e+01
8.000000000000000000e+00 2.994491555944684080e+01
9.000000000000000000e+00 2.991992798810635534e+01
1.000000000000000000e+01 2.989196708356593390e+01
1.100000000000000000e+01 2.986102175098980283e+01
1.200000000000000000e+01 2.982707978798500292e+01
1.300000000000000000e+01 2.979012790385851872e+01
1.400000000000000000e+01 2.975015174126706086e+01
1.500000000000000000e+01 2.970713590041397367e+01
1.600000000000000000e+01 2.966106396596352113e+01
1.700000000000000000e+01 2.961191853685742359e+01
1.800000000000000000e+01 2.955968125923379120e+01
1.900000000000000000e+01 2.950433286266327215e+01
2.000000000000000000e+01 2.944585319993386818e+01
2.100000000000000000e+01 2.938422129062987409e+01
2.200000000000000000e+01 2.931941536876730581e+01
2.300000000000000000e+01 2.925141293476281490e+01
2.400000000000000000e+01 2.918019081202864129e+01
2.500000000000000000e+01 2.910572520850146105e+01
2.600000000000000000e+01 2.902799178342723962e+01
2.700000000000000000e+01 2.894696571973856436e+01
2.800000000000000000e+01 2.886262180237433839e+01
2.900000000000000000e+01 2.877493450290387145e+01
3.000000000000000000e+01 2.868387807082897112e+01
3.100000000000000000e+01 2.858942663194703115e+01
3.200000000000000000e+01 2.849155429416655139e+01
3.300000000000000000e+01 2.839023526117209784e+01
3.400000000000000000e+01 2.828544395433946690e+01
3.500000000000000000e+01 2.817715514330224025e+01
3.600000000000000000e+01 2.806534408556836979e+01
3.700000000000000000e+01 2.794998667557890215e+01
3.800000000000000000e+01 2.783105960359027620e+01
3.900000000000000000e+01 2.770854052474587093e+01
4.000000000000000000e+01 2.758240823868160163e+01
4.100000000000000000e+01 2.745264287998305619e+01
4.200000000000000000e+01 2.731922611977808302e+01
4.300000000000000000e+01 2.718214137870757696e+01
4.400000000000000000e+01 2.704137405146779116e+01
4.500000000000000000e+01 2.689691174306017629e+01
4.600000000000000000e+01 2.674874451681707654e+01
4.700000000000000000e+01 2.659686515419501163e+01
4.800000000000000000e+01 2.644126942623922005e+01
4.900000000000000000e+01 2.628195637652492778e+01
5.000000000000000000e+01 2.611892861527041276e+01
5.100000000000000000e+01 2.595219262419529471e+01
5.200000000000000000e+01 2.578175907156343172e+01
5.300000000000000000e+01 2.560764313670475190e+01
5.400000000000000000e+01 2.542986484315221674e+01
5.500000000000000000e+01 2.524844939936230404e+01
5.600000000000000000e+01 2.506342754580726151e+01
5.700000000000000000e+01 2.487483590704016478e+01
5.800000000000000000e+01 2.468271734713539800e+01
5.900000000000000000e+01 2.448712132670545572e+01
6.000000000000000000e+01 2.428810425948618246e+01
6.100000000000000000e+01 2.408572986627414281e+01
6.200000000000000000e+01 2.388006952379111780e+01
6.300000000000000000e+01 2.367120260584685454e+01
6.400000000000000000e+01 2.345921681397632597e+01
6.500000000000000000e+01 2.324420849454328675e+01
6.600000000000000000e+01 2.302628293913711843e+01
6.700000000000000000e+01 2.280555466494320171e+01
6.800000000000000000e+01 2.258214767165049608e+01
6.900000000000000000e+01 2.235619567137121422e+01
7.000000000000000000e+01 2.212784228799859676e+01
7.100000000000000000e+01 2.189724122241883109e+01
7.200000000000000000e+01 2.166455638002965145e+01
7.300000000000000000e+01 2.142996195710706786e+01
7.400000000000000000e+01 2.119364248269910433e+01
7.500000000000000000e+01 2.095579281292521756e+01
7.600000000000000000e+01 2.071661807481280348e+01
7.700000000000000000e+01 2.047633355711565528e+01
7.800000000000000000e+01 2.023516454593102409e+01
7.900000000000000000e+01 1.999334610335758455e+01
8.000000000000000000e+01 1.975112278791544895e+01
8.100000000000000000e+01 1.950874831597530701e+01
8.200000000000000000e+01 1.926648516400918965e+01
8.300000000000000000e+01 1.902460411207407276e+01
8.400000000000000000e+01 1.878338372955880686e+01
8.500000000000000000e+01 1.854310980485938387e+01
8.600000000000000000e+01 1.830407472128033319e+01
8.700000000000000000e+01 1.806657678208065576e+01
8.800000000000000000e+01 1.783091948818263717e+01
8.900000000000000000e+01 1.759741077261948661e+01
9.000000000000000000e+01 1.736636219631249034e+01
9.100000000000000000e+01 1.713808811021759126e+01
9.200000000000000000e+01 1.691290478926399743e+01
9.300000000000000000e+01 1.669112954380832647e+01
9.400000000000000000e+01 1.647307981454365233e+01
9.500000000000000000e+01 1.625907225692828106e+01
9.600000000000000000e+01 1.604942182122973549e+01
9.700000000000000000e+01 1.584444083421663052e+01
9.800000000000000000e+01 1.564443808837805960e+01
9.900000000000000000e+01 1.544971794430674805e+01
1.000000000000000000e+02 1.526057945156112083e+01
1.010000000000000000e+02 1.507731549292615369e+01
1.020000000000000000e+02 1.490021195653637776e+01
1.030000000000000000e+02 1.472954693981761665e+01
1.040000000000000000e+02 1.456558998865861554e+01
1.050000000000000000e+02 1.440860137465486801e+01
1.060000000000000000e+02 1.425883141268610999e+01
1.070000000000000000e+02 1.411651982050998910e+01
1.080000000000000000e+02 1.398189512149195579e+01
1.090000000000000000e+02 1.385517409105262487e+01
1.100000000000000000e+02 1.373656124691646596e+01
1.110000000000000000e+02 1.362624838279139894e+01
1.120000000000000000e+02 1.352441414471272907e+01
1.130000000000000000e+02 1.343122364894703225e+01
1.140000000000000000e+02 1.334682814008124652e+01
1.150000000000000000e+02 1.327136468771915645e+01
1.160000000000000000e+02 1.320495592007453567e+01
1.170000000000000000e+02 1.314770979268436690e+01
1.180000000000000000e+02 1.309971939046896594e+01
1.190000000000000000e+02 1.306106276142927314e+01
1.200000000000000000e+02 1.303180278039518214e+01
1.210000000000000000e+02 1.301198704141340912e+01
1.220000000000000000e+02 1.300164777758306300e+01
1.230000000000000000e+02 1.300080180740447133e+01
1.240000000000000000e+02 1.300945050699168704e+01
1.250000000000000000e+02 1.302757980780531000e+01
1.260000000000000000e+02 1.305516021987684638e+01
1.270000000000000000e+02 1.309214688081309319e+01
1.280000000000000000e+02 1.313847963117629902e+01
1.290000000000000000e+02 1.319408311712587789e+01
1.300000000000000000e+02 1.325886692146997348e+01
1.310000000000000000e+02 1.333272572450243487e+01
1.320000000000000000e+02 1.341553949618382546e+01
1.330000000000000000e+02 1.350717372135826011e+01
1.340000000000000000e+02 1.360747965977227736e+01
1.350000000000000000e+02 1.371629464267669007e+01
1.360000000000000000e+02 1.383344240773908496e+01
1.370000000000000000e+02 1.395873347387259145e+01
1.380000000000000000e+02 1.409196555739847767e+01
1.390000000000000000e+02 1.423292403069841683e+01
1.400000000000000000e+02 1.438138242418893498e+01
1.410000000000000000e+02 1.453710297206237101e+01
1.420000000000000000e+02 1.469983720179624598e+01
1.430000000000000000e+02 1.486932656694039778e+01
1.440000000000000000e+02 1.504530312215991472e+01
1.450000000000000000e+02 1.522749023895509879e+01
1.460000000000000000e+02 1.541560335989748509e+01
1.470000000000000000e+02 1.560935078864548586e+01
1.480000000000000000e+02 1.580843451242653686e+01
1.490000000000000000e+02 1.601255105312559479e+01
1.500000000000000000e+02 1.622139234260134089e+01
1.510000000000000000e+02 1.643464661738999766e+01
1.520000000000000000e+02 1.665199932754470424e+01
1.530000000000000000e+02 1.687313405402762001e+01
1.540000000000000000e+02 1.709773342880988523e+01
1.550000000000000000e+02 1.732548005167075544e+01
1.560000000000000000e+02 1.755605739760114048e+01
1.570000000000000000e+02 1.778915070873688720e+01
1.580000000000000000e+02 1.802444786485294514e+01
1.590000000000000000e+02 1.826164022664846343e+01
1.600000000000000000e+02 1.850042344634293912e+01
1.610000000000000000e+02 1.874049824046751667e+01
1.620000000000000000e+02 1.898157112017798553e+01
1.630000000000000000e+02 1.922335507491677120e+01
1.640000000000000000e+02 1.946557020580285879e+01
1.650000000000000000e+02 1.970794430572402334e+01
1.660000000000000000e+02 1.995021338371944353e+01
1.670000000000000000e+02 2.019212213187615390e+01
1.680000000000000000e+02 2.043342433359680044e+01
1.690000000000000000e+02 2.067388321271604923e+01
1.700000000000000000e+02 2.091327172355189390e+01
1.710000000000000000e+02 2.115137278254390552e+01
1.720000000000000000e+02 2.138797944266912054e+01
1.730000000000000000e+02 2.162289501230990041e+01
1.740000000000000000e+02 2.185593312068594329e+01
1.750000000000000000e+02 2.208691773234388123e+01
1.760000000000000000e+02 2.231568311352106093e+01
1.770000000000000000e+02 2.254207375346426900e+01
1.780000000000000000e+02 2.276594424399245042e+01
1.790000000000000000e+02 2.298715912074294820e+01
1.800000000000000000e+02 2.320559266963515199e+01
1.810000000000000000e+02 2.342112870213318487e+01
1.820000000000000000e+02 2.363366030288674580e+01
1.830000000000000000e+02 2.384308955328621948e+01
1.840000000000000000e+02 2.404932723438723130e+01
1.850000000000000000e+02 2.425229251254635798e+01
1.860000000000000000e+02 2.445191261097059510e+01
1.870000000000000000e+02 2.464812247021679426e+01
1.880000000000000000e+02 2.484086440050175071e+01
1.890000000000000000e+02 2.503008772848498964e+01
1.900000000000000000e+02 2.521574844098672230e+01
1.910000000000000000e+02 2.539780882789536420e+01
1.920000000000000000e+02 2.557623712630821444e+01
1.930000000000000000e+02 2.575100716774274545e+01
1.940000000000000000e+02 2.592209803004969260e+01
1.950000000000000000e+02 2.608949369546419561e+01
1.960000000000000000e+02 2.625318271603637399e+01
1.970000000000000000e+02 2.641315788750737070e+01
1.980000000000000000e+02 2.656941593252104994e+01
1.990000000000000000e+02 2.672195719390652258e+01
2.000000000000000000e+02 2.687078533861557261e+01
2.010000000000000000e+02 2.701590707276523062e+01
2.020000000000000000e+02 2.715733186811162625e+01
2.030000000000000000e+02 2.729507170016703199e+01
2.040000000000000000e+02 2.742914079807519911e+01
2.050000000000000000e+02 2.755955540626593248e+01
2.060000000000000000e+02 2.768633355783540040e+01
2.070000000000000000e+02 2.780949485952629274e+01
2.080000000000000000e+02 2.792906028812432950e+01
2.090000000000000000e+02 2.804505199803726967e+01
2.100000000000000000e+02 2.815749313977791957e+01
2.110000000000000000e+02 2.826640768904064771e+01
2.120000000000000000e+02 2.837182028602987671e+01
2.130000000000000000e+02 2.847375608467883268e+01
2.140000000000000000e+02 2.857224061137891624e+01
2.150000000000000000e+02 2.866729963282996607e+01
2.160000000000000000e+02 2.875895903261326580e+01
2.170000000000000000e+02 2.884724469608571695e+01
2.180000000000000000e+02 2.893218240319541223e+01
2.190000000000000000e+02 2.901379772881933405e+01
2.200000000000000000e+02 2.909211595023187158e+01
2.210000000000000000e+02 2.916716196131836369e+01
2.220000000000000000e+02 2.923896019315909101e+01
2.230000000000000000e+02 2.930753454061937902e+01
2.240000000000000000e+02 2.937290829459313102e+01
2.250000000000000000e+02 2.943510407956181751e+01
2.260000000000000000e+02 2.949414379614327331e+01
2.270000000000000000e+02 2.955004856832051274e+01
2.280000000000000000e+02 2.960283869505501997e+01
2.290000000000000000e+02 2.965253360600463139e+01
2.300000000000000000e+02 2.969915182108122309e+01
2.310000000000000000e+02 2.974271091359970853e+01
2.320000000000000000e+02 2.978322747678426552e+01
2.330000000000000000e+02 2.982071709341423826e+01
2.340000000000000000e+02 2.985519430840655986e+01
2.350000000000000000e+02 2.988667260414770155e+01
2.360000000000000000e+02 2.991516437840201093e+01
2.370000000000000000e+02 2.994068092463868425e+01
2.380000000000000000e+02 2.996323241463446507e+01
2.390000000000000000e+02 2.998282788322232406e+01
2.400000000000000000e+02 2.999947521507154136e+01
2.410000000000000000e+02 3.001318113339773674e+01
2.420000000000000000e+02 3.002395119051634254e+01
2.430000000000000000e+02 3.003178976016230450e+01
2.440000000000000000e+02 3.003670003152268819e+01
2.450000000000000000e+02 3.003868400491934310e+01
2.460000000000000000e+02 3.003774248912431233e+01
2.470000000000000000e+02 3.003387510029039476e+01
2.480000000000000000e+02 3.002708026244574668e+01
2.490000000000000000e+02 3.001735520961951664e+01
2.500000000000000000e+02 3.000469598956269834e+01
2.510000000000000000e+02 2.998909746912769236e+01
2.520000000000000000e+02 2.997055334133026250e+01
2.530000000000000000e+02 2.994905613415927093e+01
2.540000000000000000e+02 2.992459722120065990e+01
2.550000000000000000e+02 2.989716683415848308e+01
2.560000000000000000e+02 2.986675407737007504e+01
2.570000000000000000e+02 2.983334694442437751e+01
2.580000000000000000e+02 2.979693233700889365e+01
2.590000000000000000e+02 2.975749608612162689e+01
2.600000000000000000e+02 2.971502297580231300e+01
2.610000000000000000e+02 2.966949676954966009e+01
2.620000000000000000e+02 2.962090023960635676e+01
2.630000000000000000e+02 2.956921519931017883e+01
2.640000000000000000e+02 2.951442253872242105e+01
2.650000000000000000e+02 2.945650226376314862e+01
2.660000000000000000e+02 2.939543353909536805e+01
2.670000000000000000e+02 2.933119473501774621e+01
2.680000000000000000e+02 2.926376347864066929e+01
2.690000000000000000e+02 2.919311670963489291e+01
2.700000000000000000e+02 2.911923074085800067e+01
2.710000000000000000e+02 2.904208132417868171e+01
2.720000000000000000e+02 2.896164372183261548e+01
2.730000000000000000e+02 2.887789278365709933e+01
2.740000000000000000e+02 2.879080303056499801e+01
2.750000000000000000e+02 2.870034874462913521e+01
2.760000000000000000e+02 2.860650406615899755e+01
2.770000000000000000e+02 2.850924309815980706e+01
2.780000000000000000e+02 2.840854001856929045e+01
2.790000000000000000e+02 2.830436920067397821e+01
2.800000000000000000e+02 2.819670534210484547e+01
2.810000000000000000e+02 2.808552360281274218e+01
2.820000000000000000e+02 2.797079975241630123e+01
2.830000000000000000e+02 2.785251032730719700e+01
2.840000000000000000e+02 2.773063279788001267e+01
2.850000000000000000e+02 2.760514574623705997e+01
2.860000000000000000e+02 2.747602905469044998e+01
2.870000000000000000e+02 2.734326410535190277e+01
2.880000000000000000e+02 2.720683399106001588e+01
2.890000000000000000e+02 2.706672373784978092e+01
2.900000000000000000e+02 2.692292053910927763e+01
2.910000000000000000e+02 2.677541400150593276e+01
2.920000000000000000e+02 2.662419640268705123e+01
2.930000000000000000e+02 2.646926296067677242e+01
2.940000000000000000e+02 2.631061211479170936e+01
2.950000000000000000e+02 2.614824581779045687e+01
2.960000000000000000e+02 2.598216983885510700e+01
2.970000000000000000e+02 2.581239407686678078e+01
2.980000000000000000e+02 2.563893288329742504e+01
2.990000000000000000e+02 2.546180539388229747e+01
3.000000000000000000e+02 2.528103586807234748e+01
3.010000000000000000e+02 2.509665403508893533e+01
3.020000000000000000e+02 2.490869544521351031e+01
3.030000000000000000e+02 2.471720182475301186e+01
3.040000000000000000e+02 2.452222143291580991e+01
3.050000000000000000e+02 2.432380941863142709e+01
3.060000000000000000e+02 2.412202817513042774e+01
3.070000000000000000e+02 2.391694768989961162e+01
3.080000000000000000e+02 2.370864588741801882e+01
3.090000000000000000e+02 2.349720896188456365e+01
3.100000000000000000e+02 2.328273169696118927e+01
3.110000000000000000e+02 2.306531776938421530e+01
3.120000000000000000e+02 2.284508003315289670e+01
3.130000000000000000e+02 2.262214078087134084e+01
3.140000000000000000e+02 2.239663197873876754e+01
3.150000000000000000e+02 2.216869547161380538e+01
3.160000000000000000e+02 2.193848315457205800e+01
3.170000000000000000e+02 2.170615710739675208e+01
3.180000000000000000e+02 2.147188968852364610e+01
3.190000000000000000e+02 2.123586358509561123e+01
3.200000000000000000e+02 2.099827181595729897e+01
3.210000000000000000e+02 2.075931768468063154e+01
3.220000000000000000e+02 2.051921467999938642e+01
3.230000000000000000e+02 2.027818632140371591e+01
3.240000000000000000e+02 2.003646594805314152e+01
3.250000000000000000e+02 1.979429644964352164e+01
3.260000000000000000e+02 1.955192993837762216e+01
3.270000000000000000e+02 1.930962736174502936e+01
3.280000000000000000e+02 1.906765805641986233e+01
3.290000000000000000e+02 1.882629924418955625e+01
3.300000000000000000e+02 1.858583547147109627e+01
3.310000000000000000e+02 1.834655799459554615e+01
3.320000000000000000e+02 1.810876411367501504e+01
3.330000000000000000e+02 1.787275645846142069e+01
3.340000000000000000e+02 1.763884223018024144e+01
3.350000000000000000e+02 1.740733240383934799e+01
3.360000000000000000e+02 1.717854089598132816e+01
3.370000000000000000e+02 1.695278370323661221e+01
3.380000000000000000e+02 1.673037801735209129e+01
3.390000000000000000e+02 1.651164132260789685e+01
3.400000000000000000e+02 1.629689048166553178e+01
3.410000000000000000e+02 1.608644081594968611e+01
3.420000000000000000e+02 1.588060518660905629e+01
3.430000000000000000e+02 1.567969308197510614e+01
3.440000000000000000e+02 1.548400971719969021e+01
3.450000000000000000e+02 1.529385515145281360e+01
3.460000000000000000e+02 1.510952342767435752e+01
3.470000000000000000e+02 1.493130173942750716e+01
3.480000000000000000e+02 1.475946962890692049e+01
3.490000000000000000e+02 1.459429821960775087e+01
3.500000000000000000e+02 1.443604948660485476e+01
3.510000000000000000e+02 1.428497556680459368e+01
3.520000000000000000e+02 1.414131811095487734e+01
3.530000000000000000e+02 1.400530767863184778e+01
3.540000000000000000e+02 1.387716317687876710e+01
3.550000000000000000e+02 1.375709134266606171e+01
3.560000000000000000e+02 1.364528626887785379e+01
3.570000000000000000e+02 1.354192897312741550e+01
3.580000000000000000e+02 1.344718700834975067e+01
3.590000000000000000e+02 1.336121411384230484e+01
3.600000000000000000e+02 1.328414990520498407e+01
3.610000000000000000e+02 1.321611960148898035e+01
3.620000000000000000e+02 1.315723378778355723e+01
3.630000000000000000e+02 1.310758821146276887e+01
3.640000000000000000e+02 1.306726361036659156e+01
3.650000000000000000e+02 1.303632557130434932e+01
3.660000000000000000e+02 1.301482441743407747e+01
3.670000000000000000e+02 1.300279512328421561e+01
3.680000000000000000e+02 1.300025725643480001e+01
3.690000000000000000e+02 1.300721494515619270e+01
3.700000000000000000e+02 1.302365687160625995e+01
3.710000000000000000e+02 1.304955629050117594e+01
3.720000000000000000e+02 1.308487107349165868e+01
3.730000000000000000e+02 1.312954377978720544e+01
3.740000000000000000e+02 1.318350175386381906e+01
3.750000000000000000e+02 1.324665725135945493e+01
3.760000000000000000e+02 1.331890759449458983e+01
3.770000000000000000e+02 1.340013535854848925e+01
3.780000000000000000e+02 1.349020859106211745e+01
3.790000000000000000e+02 1.358898106552557650e+01
3.800000000000000000e+02 1.369629257133399136e+01
3.810000000000000000e+02 1.381196924175164398e+01
3.820000000000000000e+02 1.393582392151992266e+01
3.830000000000000000e+02 1.406765657556198690e+01
3.840000000000000000e+02 1.420725473999437227e+01
3.850000000000000000e+02 1.435439401633842493e+01
3.860000000000000000e+02 1.450883860945006276e+01
3.870000000000000000e+02 1.467034190925252801e+01
3.880000000000000000e+02 1.483864711587173346e+01
3.890000000000000000e+02 1.501348790725150550e+01
3.900000000000000000e+02 1.519458914776537029e+01
3.910000000000000000e+02 1.538166763577650542e+01
3.920000000000000000e+02 1.557443288750350874e+01
3.930000000000000000e+02 1.577258795398674707e+01
3.940000000000000000e+02 1.597583026738468348e+01
3.950000000000000000e+02 1.618385251231743993e+01
3.960000000000000000e+02 1.639634351748877350e+01
3.970000000000000000e+02 1.661298916240734869e+01
3.980000000000000000e+02 1.683347329367679635e+01
3.990000000000000000e+02 1.705747864504938960e+01
4.000000000000000000e+02 1.728468775525861290e+01
4.010000000000000000e+02 1.751478387754205457e+01
4.020000000000000000e+02 1.774745187477388697e+01
4.030000000000000000e+02 1.798237909420661751e+01
4.040000000000000000e+02 1.821925621601535994e+01
4.050000000000000000e+02 1.845777807010256311e+01
4.060000000000000000e+02 1.869764441598222859e+01
4.070000000000000000e+02 1.893856068098080669e+01
4.080000000000000000e+02 1.918023865249110571e+01
4.090000000000000000e+02 1.942239712056002787e+01
4.100000000000000000e+02 1.966476246766954006e+01
4.110000000000000000e+02 1.990706920319299655e+01
4.120000000000000000e+02 2.014906044063596369e+01
4.130000000000000000e+02 2.039048831640488046e+01
4.140000000000000000e+02 2.063111434947344236e+01
4.150000000000000000e+02 2.087070974192362627e+01
4.160000000000000000e+02 2.110905562092131760e+01
4.170000000000000000e+02 2.134594322321518334e+01
4.180000000000000000e+02 2.158117402376011285e+01
4.190000000000000000e+02 2.181455981049574433e+01
4.200000000000000000e+02 2.204592270771629359e+01
4.210000000000000000e+02 2.227509515078800106e+01
4.220000000000000000e+02 2.250191981525890128e+01
4.230000000000000000e+02 2.272624950361193541e+01
4.240000000000000000e+02 2.294794699308163288e+01
4.250000000000000000e+02 2.316688484805310821e+01
4.260000000000000000e+02 2.338294520062010307e+01
4.270000000000000000e+02 2.359601950288794470e+01
4.280000000000000000e+02 2.380600825456275160e+01
4.290000000000000000e+02 2.401282070930383483e+01
4.300000000000000000e+02 2.421637456320079096e+01
4.310000000000000000e+02 2.441659562860564492e+01
4.320000000000000000e+02 2.461341749638556209e+01
4.330000000000000000e+02 2.480678118949165878e+01
4.340000000000000000e+02 2.499663481054068370e+01
4.350000000000000000e+02 2.518293318590739815e+01
4.360000000000000000e+02 2.536563750862153555e+01
4.370000000000000000e+02 2.554471498214725855e+01
4.380000000000000000e+02 2.572013846692321692e+01
4.390000000000000000e+02 2.589188613132703409e+01
4.400000000000000000e+02 2.605994110853572465e+01
4.410000000000000000e+02 2.622429116055978326e+01
4.420000000000000000e+02 2.638492835054342223e+01
4.430000000000000000e+02 2.654184872425554076e+01
4.440000000000000000e+02 2.669505200153055213e+01
4.450000000000000000e+02 2.684454127827169501e+01
4.460000000000000000e+02 2.699032273948652616e+01
4.470000000000000000e+02 2.713240538370664723e+01
4.480000000000000000e+02 2.727080075901864475e+01
4.490000000000000000e+02 2.740552271084076708e+01
4.500000000000000000e+02 2.753658714148059161e+01
4.510000000000000000e+02 2.766401178143351558e+01
4.520000000000000000e+02 2.778781597230837974e+01
4.530000000000000000e+02 2.790802046120554181e+01
4.540000000000000000e+02 2.802464720632270101e+01
4.550000000000000000e+02 2.813771919351755457e+01
4.560000000000000000e+02 2.824726026352076147e+01
4.570000000000000000e+02 2.835329494946414997e+01
4.580000000000000000e+02 2.845584832436412981e+01
4.590000000000000000e+02 2.855494585818586017e+01
4.600000000000000000e+02 2.865061328409700891e+01
4.610000000000000000e+02 2.874287647351562214e+01
4.620000000000000000e+02 2.883176131955183052e+01
4.630000000000000000e+02 2.891729362844109374e+01
4.640000000000000000e+02 2.899949901857072732e+01
4.650000000000000000e+02 2.907840282670611742e+01
4.660000000000000000e+02 2.915403002103073504e+01
4.670000000000000000e+02 2.922640512062189799e+01
4.680000000000000000e+02 2.929555212099688077e+01
4.690000000000000000e+02 2.936149442537475096e+01
4.700000000000000000e+02 2.942425478131225702e+01
4.710000000000000000e+02 2.948385522238667278e+01
4.720000000000000000e+02 2.954031701461327941e+01
4.730000000000000000e+02 2.959366060729797709e+01
4.740000000000000000e+02 2.964390558804414511e+01
4.750000000000000000e+02 2.969107064164445475e+01
4.760000000000000000e+02 2.973517351260780117e+01
4.770000000000000000e+02 2.977623097108395811e+01
4.780000000000000000e+02 2.981425878196501600e+01
4.790000000000000000e+02 2.984927167695908423e+01
4.800000000000000000e+02 2.988128332944525312e+01
4.810000000000000000e+02 2.991030633193499710e+01
4.820000000000000000e+02 2.993635217597926257e+01
4.830000000000000000e+02 2.995943123437528044e+01
4.840000000000000000e+02 2.997955274554187355e+01
4.850000000000000000e+02 2.999672479994560348e+01
4.860000000000000000e+02 3.001095432847350608e+01
4.870000000000000000e+02 3.002224709266377545e+01
4.880000000000000000e+02 3.003060767671657771e+01
4.890000000000000000e+02 3.003603948122343326e+01
4.900000000000000000e+02 3.003854471855889585e+01
4.910000000000000000e+02 3.003812440991326937e+01
4.920000000000000000e+02 3.003477838393190780e+01
4.930000000000000000e+02 3.002850527691872884e+01
4.940000000000000000e+02 3.001930253469305399e+01
4.950000000000000000e+02 3.000716641601090728e+01
4.960000000000000000e+02 2.999209199764909073e+01
4.970000000000000000e+02 2.997407318116356834e+01
4.980000000000000000e+02 2.995310270138307729e+01
4.990000000000000000e+02 2.992917213670412480e+01
5.000000000000000000e+02 2.990227192126778988e+01
5.010000000000000000e+02 2.987239135911148935e+01
5.020000000000000000e+02 2.983951864040427893e+01
5.030000000000000000e+02 2.980364085988683343e+01
5.040000000000000000e+02 2.976474403765141119e+01
5.050000000000000000e+02 2.972281314241223527e+01
5.060000000000000000e+02 2.967783211743141081e+01
5.070000000000000000e+02 2.962978390927901629e+01
5.080000000000000000e+02 2.957865049962273929e+01
5.090000000000000000e+02 2.952441294025629048e+01
5.100000000000000000e+02 2.946705139159217879e+01
5.110000000000000000e+02 2.940654516486001313e+01
5.120000000000000000e+02 2.934287276826488977e+01
5.130000000000000000e+02 2.927601195737944551e+01
5.140000000000000000e+02 2.920593979005678875e+01
5.150000000000000000e+02 2.913263268616365309e+01
5.160000000000000000e+02 2.905606649245592976e+01
5.170000000000000000e+02 2.897621655292279286e+01
5.180000000000000000e+02 2.889305778494871291e+01
5.190000000000000000e+02 2.880656476164834956e+01
5.200000000000000000e+02 2.871671180074622853e+01
5.210000000000000000e+02 2.862347306037863959e+01
5.220000000000000000e+02 2.852682264220898745e+01
5.230000000000000000e+02 2.842673470224953647e+01
5.240000000000000000e+02 2.832318356979082097e+01
5.250000000000000000e+02 2.821614387484031639e+01
5.260000000000000000e+02 2.810559068446735864e+01
5.270000000000000000e+02 2.799149964845432947e+01
5.280000000000000000e+02 2.787384715463528906e+01
5.290000000000000000e+02 2.775261049429590798e+01
5.300000000000000000e+02 2.762776803798794845e+01
5.310000000000000000e+02 2.749929942208467537e+01
5.320000000000000000e+02 2.736718574637595935e+01
5.330000000000000000e+02 2.723140978295946368e+01
5.340000000000000000e+02 2.709195619664161470e+01
5.350000000000000000e+02 2.694881177700329644e+01
5.360000000000000000e+02 2.680196568222666187e+01
5.370000000000000000e+02 2.665140969470195031e+01
5.380000000000000000e+02 2.649713848835007468e+01
5.390000000000000000e+02 2.633914990750244201e+01
5.400000000000000000e+02 2.617744525707707126e+01
5.410000000000000000e+02 2.601202960366410011e+01
5.420000000000000000e+02 2.584291208701380071e+01
5.430000000000000000e+02 2.567010624127028251e+01
5.440000000000000000e+02 2.549363032514859739e+01
5.450000000000000000e+02 2.531350766008294073e+01
5.460000000000000000e+02 2.512976697519777147e+01
5.470000000000000000e+02 2.494244275777518283e+01
5.480000000000000000e+02 2.475157560768700904e+01
5.490000000000000000e+02 2.455721259407008006e+01
5.500000000000000000e+02 2.435940761230840934e+01
5.510000000000000000e+02 2.415822173918098059e+01
5.520000000000000000e+02 2.395372358382683586e+01
5.530000000000000000e+02 2.374598963196260826e+01
5.540000000000000000e+02 2.353510458060903687e+01
5.550000000000000000e+02 2.332116166037116045e+01
5.560000000000000000e+02 2.310426294216292931e+01
5.570000000000000000e+02 2.288451962510078985e+01
5.580000000000000000e+02 2.266205230217270383e+01
5.590000000000000000e+02 2.243699120018298032e+01
5.600000000000000000e+02 2.220947639041104438e+01
5.610000000000000000e+02 2.197965796639945424e+01
5.620000000000000000e+02 2.174769618530690707e+01
5.630000000000000000e+02 2.151376156932716555e+01
5.640000000000000000e+02 2.127803496379900494e+01
5.650000000000000000e+02 2.104070754880885730e+01
5.660000000000000000e+02 2.080198080131868110e+01
5.670000000000000000e+02 2.056206640514547956e+01
5.680000000000000000e+02 2.032118610647525614e+01
5.690000000000000000e+02 2.007957151298776211e+01
5.700000000000000000e+02 1.983746383514413836e+01
5.710000000000000000e+02 1.959511356868603116e+01
5.720000000000000000e+02 1.935278011795818287e+01
5.730000000000000000e+02 1.911073136024831243e+01
5.740000000000000000e+02 1.886924315194595891e+01
5.750000000000000000e+02 1.862859877796906716e+01
5.760000000000000000e+02 1.838908834652266222e+01
5.770000000000000000e+02 1.815100813189314266e+01
5.780000000000000000e+02 1.791465986858487369e+01
5.790000000000000000e+02 1.768035000068176288e+01
5.800000000000000000e+02 1.744838889084863709e+01
5.810000000000000000e+02 1.721908999385609818e+01
5.820000000000000000e+02 1.699276899992887735e+01
5.830000000000000000e+02 1.676974295353934963e+01
5.840000000000000000e+02 1.655032935352209478e+01
5.850000000000000000e+02 1.633484524053617193e+01
5.860000000000000000e+02 1.612360627797484369e+01
5.870000000000000000e+02 1.591692583238794612e+01
5.880000000000000000e+02 1.571511405935534711e+01
5.890000000000000000e+02 1.551847700055376222e+01
5.900000000000000000e+02 1.532731569744669287e+01
5.910000000000000000e+02 1.514192532667287239e+01
5.920000000000000000e+02 1.496259436175927249e+01
5.930000000000000000e+02 1.478960376530369203e+01
5.940000000000000000e+02 1.462322621523978938e+01
5.950000000000000000e+02 1.446372536822320853e+01
5.960000000000000000e+02 1.431135516261505103e+01
5.970000000000000000e+02 1.416635916294758601e+01
5.980000000000000000e+02 1.402896994718852142e+01
5.990000000000000000e+02 1.389940853757690675e+01
