1.000000000000000000e+00 -4.919237055609861464e+00
2.000000000000000000e+00 2.278041540758509509e+00
3.000000000000000000e+00 -3.962155186293456754e+00
4.000000000000000000e+00 2.881136802590136270e+00
5.000000000000000000e+00 -4.361034909539310611e+00
6.000000000000000000e+00 4.381102106465872836e+00
7.000000000000000000e+00 9.456657191473886170e-01
8.000000000000000000e+00 -4.855714309793356165e+00
9.000000000000000000e+00 -1.544078447339353177e+00
1.000000000000000000e+01 3.987917462330920593e+00
1.100000000000000000e+01 4.274501397995724261e+00
1.200000000000000000e+01 4.250528003216629686e-02
1.300000000000000000e+01 -4.007357848979467008e+00
1.400000000000000000e+01 -4.741263722480688614e+00
1.500000000000000000e+01 -2.239201150897924375e+00
1.600000000000000000e+01 1.463135409446054691e+00
1.700000000000000000e+01 4.216512942715855417e+00
1.800000000000000000e+01 4.868686397279165412e+00
1.900000000000000000e+01 3.451157907935527014e+00
2.000000000000000000e+01 7.931563421045281226e-01
2.100000000000000000e+01 -2.022182949701146981e+00
2.200000000000000000e+01 -4.090986944281224780e+00
2.300000000000000000e+01 -4.912405349921152187e+00
2.400000000000000000e+01 -4.419130395431771774e+00
2.500000000000000000e+01 -2.881818776948060989e+00
2.600000000000000000e+01 -7.602242750561128970e-01
2.700000000000000000e+01 1.443357790123277917e+00
2.800000000000000000e+01 3.296210743387902209e+00
2.900000000000000000e+01 4.501293459776026573e+00
3.000000000000000000e+01 4.919812736567338085e+00
3.100000000000000000e+01 4.560304587034407220e+00
3.200000000000000000e+01 3.546687852268228358e+00
3.300000000000000000e+01 2.076903786700203813e+00
3.400000000000000000e+01 3.812299403530798325e-01
3.500000000000000000e+01 -1.313679184692470470e+00
3.600000000000000000e+01 -2.811799529698962186e+00
3.700000000000000000e+01 -3.964827324261281039e+00
3.800000000000000000e+01 -4.679968361175069980e+00
3.900000000000000000e+01 -4.919990680578890441e+00
4.000000000000000000e+01 -4.697532327821531517e+00
4.100000000000000000e+01 -4.065704217361678197e+00
4.200000000000000000e+01 -3.106830460388177784e+00
4.300000000000000000e+01 -1.920836118131878711e+00
4.400000000000000000e+01 -6.144094387140119906e-01
4.500000000000000000e+01 7.083098565463132879e-01
4.600000000000000000e+01 1.953097276068833210e+00
4.700000000000000000e+01 3.040918025006936976e+00
4.800000000000000000e+01 3.911167476109828289e+00
4.900000000000000000e+01 4.523077965012377355e+00
5.000000000000000000e+01 4.855578672009409402e+00
5.100000000000000000e+01 4.905936202322963346e+00
5.200000000000000000e+01 4.687509312252509552e+00
5.300000000000000000e+01 4.226932022631170405e+00
5.400000000000000000e+01 3.561003841173745244e+00
5.500000000000000000e+01 2.733521175505909007e+00
5.600000000000000000e+01 1.792235871185021479e+00
5.700000000000000000e+01 7.860792861277297039e-01
5.800000000000000000e+01 -2.372537487735762451e-01
5.900000000000000000e+01 -1.233305572390307248e+00
6.000000000000000000e+01 -2.162418136461041307e+00
6.100000000000000000e+01 -2.990860754585418224e+00
6.200000000000000000e+01 -3.691546764184960860e+00
6.300000000000000000e+01 -4.244377100725002627e+00
6.400000000000000000e+01 -4.636258146568351890e+00
6.500000000000000000e+01 -4.860846318814339817e+00
6.600000000000000000e+01 -4.918073487355730578e+00
6.700000000000000000e+01 -4.813506221306414368e+00
6.800000000000000000e+01 -4.557588741374702046e+00
6.900000000000000000e+01 -4.164814919022824746e+00
7.000000000000000000e+01 -3.652869232203351579e+00
7.100000000000000000e+01 -3.041770693381408819e+00
7.200000000000000000e+01 -2.353047753125194319e+00
7.300000000000000000e+01 -1.608966317081727659e+00
7.400000000000000000e+01 -8.318274905889191384e-01
7.500000000000000000e+01 -4.334661793947271885e-02
7.600000000000000000e+01 7.358793038000066566e-01
7.700000000000000000e+01 1.486812640872022140e+00
7.800000000000000000e+01 2.192324644788191890e+00
7.900000000000000000e+01 2.837456229479194292e+00
8.000000000000000000e+01 3.409594860893125912e+00
8.100000000000000000e+01 3.898574004070253451e+00
8.200000000000000000e+01 4.296702693298204423e+00
8.300000000000000000e+01 4.598733501328337248e+00
8.400000000000000000e+01 4.801777541860454690e+00
8.500000000000000000e+01 4.905175202445320792e+00
8.600000000000000000e+01 4.910331126664036816e+00
8.700000000000000000e+01 4.820521595023159911e+00
8.800000000000000000e+01 4.640681938905300008e+00
8.900000000000000000e+01 4.377181001543287486e+00
9.000000000000000000e+01 4.037588969588915333e+00
9.100000000000000000e+01 3.630444168587214637e+00
9.200000000000000000e+01 3.165023670830831914e+00
9.300000000000000000e+01 2.651121825408562671e+00
9.400000000000000000e+01 2.098840104343956625e+00
9.500000000000000000e+01 1.518390978390677271e+00
9.600000000000000000e+01 9.199179008221436415e-01
9.700000000000000000e+01 3.133328940766309523e-01
9.800000000000000000e+01 -2.918272934299716570e-01
9.900000000000000000e+01 -8.865259625178851799e-01
1.000000000000000000e+02 -1.462332083744551925e+00
1.010000000000000000e+02 -2.011507030056740586e+00
1.020000000000000000e+02 -2.527072986660472420e+00
1.030000000000000000e+02 -3.002863848869002261e+00
1.040000000000000000e+02 -3.433559615361017059e+00
1.050000000000000000e+02 -3.814705435835071601e+00
1.060000000000000000e+02 -4.142716582614880849e+00
1.070000000000000000e+02 -4.414870689607382381e+00
1.080000000000000000e+02 -4.629288643378851376e+00
1.090000000000000000e+02 -4.784905524167024637e+00
1.100000000000000000e+02 -4.881432983383283464e+00
1.110000000000000000e+02 -4.919314412375183743e+00
1.120000000000000000e+02 -4.899674208464600333e+00
1.130000000000000000e+02 -4.824262381819836243e+00
1.140000000000000000e+02 -4.695395673556907568e+00
1.150000000000000000e+02 -4.515896274288524026e+00
1.160000000000000000e+02 -4.289029145559776879e+00
1.170000000000000000e+02 -4.018438856348261368e+00
1.180000000000000000e+02 -3.708086754916836814e+00
1.190000000000000000e+02 -3.362189204377299845e+00
1.200000000000000000e+02 -2.985157519705789575e+00
1.210000000000000000e+02 -2.581540155767644062e+00
1.220000000000000000e+02 -2.155967611077997059e+00
1.230000000000000000e+02 -1.713100431276930236e+00
1.240000000000000000e+02 -1.257580620194697518e+00
1.250000000000000000e+02 -7.939866953348383438e-01
1.260000000000000000e+02 -3.267925588904597722e-01
1.270000000000000000e+02 1.396697048033095356e-01
1.280000000000000000e+02 6.012430491320730486e-01
1.290000000000000000e+02 1.053974695239411341e+00
1.300000000000000000e+02 1.494141408765901069e+00
1.310000000000000000e+02 1.918270898181539286e+00
1.320000000000000000e+02 2.323159442880701864e+00
1.330000000000000000e+02 2.705885887622434982e+00
1.340000000000000000e+02 3.063822163727392578e+00
1.350000000000000000e+02 3.394640516964352539e+00
1.360000000000000000e+02 3.696317637582145821e+00
1.370000000000000000e+02 3.967135899774840269e+00
1.380000000000000000e+02 4.205681926316442443e+00
1.390000000000000000e+02 4.410842699486711815e+00
1.400000000000000000e+02 4.581799442026643021e+00
1.410000000000000000e+02 4.718019492014469130e+00
1.420000000000000000e+02 4.819246393525856931e+00
1.430000000000000000e+02 4.885488421005383941e+00
1.440000000000000000e+02 4.917005749694006056e+00
1.450000000000000000e+02 4.914296477470551316e+00
1.460000000000000000e+02 4.878081695303639442e+00
1.470000000000000000e+02 4.809289794384791428e+00
1.480000000000000000e+02 4.709040188120501291e+00
1.490000000000000000e+02 4.578626616678911354e+00
1.500000000000000000e+02 4.419500190878685508e+00
1.510000000000000000e+02 4.233252321020389175e+00
1.520000000000000000e+02 4.021597664928912685e+00
1.530000000000000000e+02 3.786357218111170209e+00
1.540000000000000000e+02 3.529441657647159669e+00
1.550000000000000000e+02 3.252835040310298353e+00
1.560000000000000000e+02 2.958578944532849420e+00
1.570000000000000000e+02 2.648757135266443630e+00
1.580000000000000000e+02 2.325480820584493458e+00
1.590000000000000000e+02 1.990874559086855511e+00
1.600000000000000000e+02 1.647062867827772559e+00
1.610000000000000000e+02 1.296157571631947114e+00
1.620000000000000000e+02 9.402459263058248196e-01
1.630000000000000000e+02 5.813795404097575892e-01
1.640000000000000000e+02 2.215641129429574419e-01
1.650000000000000000e+02 -1.372500024958503984e-01
1.660000000000000000e+02 -4.931764027686066920e-01
1.670000000000000000e+02 -8.444004109132997593e-01
1.680000000000000000e+02 -1.189186029175727910e+00
1.690000000000000000e+02 -1.525882080742202440e+00
1.700000000000000000e+02 -1.852927555797206471e+00
1.710000000000000000e+02 -2.168856181301313413e+00
1.720000000000000000e+02 -2.472300237200957262e+00
1.730000000000000000e+02 -2.761993644674027415e+00
1.740000000000000000e+02 -3.036774354492404626e+00
1.750000000000000000e+02 -3.295586065677633680e+00
1.760000000000000000e+02 -3.537479306351527519e+00
1.770000000000000000e+02 -3.761611910071242182e+00
1.780000000000000000e+02 -3.967248922003612677e+00
1.790000000000000000e+02 -4.153761970064638653e+00
1.800000000000000000e+02 -4.320628136646206485e+00
1.810000000000000000e+02 -4.467428366795698658e+00
1.820000000000000000e+02 -4.593845448728481884e+00
1.830000000000000000e+02 -4.699661602357878110e+00
1.840000000000000000e+02 -4.784755711141081669e+00
1.850000000000000000e+02 -4.849100231985811860e+00
1.860000000000000000e+02 -4.892757817254948627e+00
1.870000000000000000e+02 -4.915877682067399057e+00
1.880000000000000000e+02 -4.918691749136275604e+00
1.890000000000000000e+02 -4.901510602327923571e+00
1.900000000000000000e+02 -4.864719278982065909e+00
1.910000000000000000e+02 -4.808772929818077024e+00
1.920000000000000000e+02 -4.734192373978324930e+00
1.930000000000000000e+02 -4.641559575439678120e+00
1.940000000000000000e+02 -4.531513065668395512e+00
1.950000000000000000e+02 -4.404743336014051991e+00
1.960000000000000000e+02 -4.261988221943171062e+00
1.970000000000000000e+02 -4.104028299811717240e+00
1.980000000000000000e+02 -3.931682315477416978e+00
1.990000000000000000e+02 -3.745802662660937088e+00
2.000000000000000000e+02 -3.547270927592153900e+00
2.010000000000000000e+02 -3.336993515123759302e+00
2.020000000000000000e+02 -3.115897370167613367e+00
2.030000000000000000e+02 -2.884925807014409926e+00
2.040000000000000000e+02 -2.645034457837188047e+00
2.050000000000000000e+02 -2.397187350456573274e+00
2.060000000000000000e+02 -2.142353124267137865e+00
2.070000000000000000e+02 -1.881501392085163760e+00
2.080000000000000000e+02 -1.615599254591488343e+00
2.090000000000000000e+02 -1.345607972995927826e+00
2.100000000000000000e+02 -1.072479804558764016e+00
2.110000000000000000e+02 -7.971550046574372717e-01
2.120000000000000000e+02 -5.205589981931926236e-01
2.130000000000000000e+02 -2.435997222859659084e-01
2.140000000000000000e+02 3.283485858760326614e-02
2.150000000000000000e+02 3.078790646041845158e-01
2.160000000000000000e+02 5.806916400379047438e-01
2.170000000000000000e+02 8.504577210722907843e-01
2.180000000000000000e+02 1.116390633513901331e+00
2.190000000000000000e+02 1.377733522491491058e+00
2.200000000000000000e+02 1.633760816735418508e+00
2.210000000000000000e+02 1.883779530492556642e+00
2.220000000000000000e+02 2.127130406552106390e+00
2.230000000000000000e+02 2.363188904237571109e+00
2.240000000000000000e+02 2.591366036557544383e+00
2.250000000000000000e+02 2.811109061009170684e+00
2.260000000000000000e+02 3.021902028791063177e+00
2.270000000000000000e+02 3.223266197411163159e+00
2.280000000000000000e+02 3.414760311870861820e+00
2.290000000000000000e+02 3.595980759767335666e+00
2.300000000000000000e+02 3.766561605793119050e+00
2.310000000000000000e+02 3.926174511212444873e+00
2.320000000000000000e+02 4.074528543974959227e+00
2.330000000000000000e+02 4.211369885177504102e+00
2.340000000000000000e+02 4.336481437616346746e+00
2.350000000000000000e+02 4.449682342175937499e+00
2.360000000000000000e+02 4.550827407790509760e+00
2.370000000000000000e+02 4.639806460678985722e+00
2.380000000000000000e+02 4.716543618506444879e+00
2.390000000000000000e+02 4.780996495056998974e+00
2.400000000000000000e+02 4.833155340924135679e+00
2.410000000000000000e+02 4.873042125628712640e+00
2.420000000000000000e+02 4.900709566469044987e+00
2.430000000000000000e+02 4.916240109290193949e+00
2.440000000000000000e+02 4.919744866232158564e+00
2.450000000000000000e+02 4.911362515380623961e+00
2.460000000000000000e+02 4.891258167100912324e+00
2.470000000000000000e+02 4.859622201685196430e+00
2.480000000000000000e+02 4.816669082787710110e+00
2.490000000000000000e+02 4.762636150961784942e+00
2.500000000000000000e+02 4.697782401448517220e+00
2.510000000000000000e+02 4.622387250199213149e+00
2.520000000000000000e+02 4.536749291944095042e+00
2.530000000000000000e+02 4.441185053948027317e+00
2.540000000000000000e+02 4.336027748922251845e+00
2.550000000000000000e+02 4.221626030387885642e+00
2.560000000000000000e+02 4.098342753614477196e+00
2.570000000000000000e+02 3.966553745085792393e+00
2.580000000000000000e+02 3.826646583274018631e+00
2.590000000000000000e+02 3.679019393334557186e+00
2.600000000000000000e+02 3.524079658168125739e+00
2.610000000000000000e+02 3.362243048131681178e+00
2.620000000000000000e+02 3.193932271518519883e+00
2.630000000000000000e+02 3.019575947770100299e+00
2.640000000000000000e+02 2.839607505227998985e+00
2.650000000000000000e+02 2.654464105081207226e+00
2.660000000000000000e+02 2.464585593019593013e+00
2.670000000000000000e+02 2.270413479959092040e+00
2.680000000000000000e+02 2.072389953066128054e+00
2.690000000000000000e+02 1.870956918174400130e+00
2.700000000000000000e+02 1.666555074556547611e+00
2.710000000000000000e+02 1.459623022888477450e+00
2.720000000000000000e+02 1.250596407122038789e+00
2.730000000000000000e+02 1.039907090867858486e+00
2.740000000000000000e+02 8.279823687753049555e-01
2.750000000000000000e+02 6.152442132939527353e-01
2.760000000000000000e+02 4.021085570958994326e-01
2.770000000000000000e+02 1.889846113416764062e-01
2.780000000000000000e+02 -2.372578011726143160e-02
2.790000000000000000e+02 -2.356287505990911080e-01
2.800000000000000000e+02 -4.463389845927303035e-01
2.810000000000000000e+02 -6.554802560597674521e-01
2.820000000000000000e+02 -8.626859312679259206e-01
2.830000000000000000e+02 -1.067599436459815809e+00
2.840000000000000000e+02 -1.269874690722987864e+00
2.850000000000000000e+02 -1.469176504489093427e+00
2.860000000000000000e+02 -1.665180944148788145e+00
2.870000000000000000e+02 -1.857575663317348358e+00
2.880000000000000000e+02 -2.046060201339088724e+00
2.890000000000000000e+02 -2.230346249661281810e+00
2.900000000000000000e+02 -2.410157886748362621e+00
2.910000000000000000e+02 -2.585231782248077703e+00
2.920000000000000000e+02 -2.755317371151219330e+00
2.930000000000000000e+02 -2.920176998719707928e+00
2.940000000000000000e+02 -3.079586036984570008e+00
2.950000000000000000e+02 -3.233332973638655350e+00
2.960000000000000000e+02 -3.381219474170409800e+00
2.970000000000000000e+02 -3.523060418103897806e+00
2.980000000000000000e+02 -3.658683910224413083e+00
2.990000000000000000e+02 -3.787931267682449477e+00
3.000000000000000000e+02 -3.910656983878702864e+00
3.010000000000000000e+02 -4.026728670040926161e+00
3.020000000000000000e+02 -4.136026975407670392e+00
3.030000000000000000e+02 -4.238445486938304363e+00
3.040000000000000000e+02 -4.333890609470094191e+00
3.050000000000000000e+02 -4.422281427240061902e+00
3.060000000000000000e+02 -4.503549547689400079e+00
3.070000000000000000e+02 -4.577638928462174128e+00
3.080000000000000000e+02 -4.644505688503548946e+00
3.090000000000000000e+02 -4.704117904156595031e+00
3.100000000000000000e+02 -4.756455391146114486e+00
3.110000000000000000e+02 -4.801509473328551714e+00
3.120000000000000000e+02 -4.839282739074502793e+00
3.130000000000000000e+02 -4.869788786137984715e+00
3.140000000000000000e+02 -4.893051955852619983e+00
3.150000000000000000e+02 -4.909107057479554115e+00
3.160000000000000000e+02 -4.917999083516764181e+00
3.170000000000000000e+02 -4.919782916762045488e+00
3.180000000000000000e+02 -4.914523029905114804e+00
3.190000000000000000e+02 -4.902293178405908947e+00
3.200000000000000000e+02 -4.883176087397624876e+00
3.210000000000000000e+02 -4.857263133333775684e+00
3.220000000000000000e+02 -4.824654021078988997e+00
3.230000000000000000e+02 -4.785456457123226315e+00
3.240000000000000000e+02 -4.739785819578489878e+00
3.250000000000000000e+02 -4.687764825596874019e+00
3.260000000000000000e+02 -4.629523196827651788e+00
3.270000000000000000e+02 -4.565197323509739391e+00
3.280000000000000000e+02 -4.494929927775547007e+00
3.290000000000000000e+02 -4.418869726720171975e+00
3.300000000000000000e+02 -4.337171095768883156e+00
3.310000000000000000e+02 -4.249993732854771444e+00
3.320000000000000000e+02 -4.157502323897170449e+00
3.330000000000000000e+02 -4.059866210049752233e+00
3.340000000000000000e+02 -3.957259057167281657e+00
3.350000000000000000e+02 -3.849858527918253781e+00
3.360000000000000000e+02 -3.737845956950178294e+00
3.370000000000000000e+02 -3.621406029494384171e+00
3.380000000000000000e+02 -3.500726463776174135e+00
3.390000000000000000e+02 -3.375997697577159506e+00
3.400000000000000000e+02 -3.247412579275583688e+00
3.410000000000000000e+02 -3.115166063673392660e+00
3.420000000000000000e+02 -2.979454912896892793e+00
3.430000000000000000e+02 -2.840477402641958360e+00
3.440000000000000000e+02 -2.698433034014532161e+00
3.450000000000000000e+02 -2.553522251200408988e+00
3.460000000000000000e+02 -2.405946165179830398e+00
3.470000000000000000e+02 -2.255906283686466729e+00
3.480000000000000000e+02 -2.103604247592375298e+00
3.490000000000000000e+02 -1.949241573885302836e+00
3.500000000000000000e+02 -1.793019405388589949e+00
3.510000000000000000e+02 -1.635138267357674424e+00
3.520000000000000000e+02 -1.475797831073614397e+00
3.530000000000000000e+02 -1.315196684538577854e+00
3.540000000000000000e+02 -1.153532110364488883e+00
3.550000000000000000e+02 -9.909998709321140575e-01
3.560000000000000000e+02 -8.277940008849525855e-01
3.570000000000000000e+02 -6.641066070102752406e-01
3.580000000000000000e+02 -5.001276755448922362e-01
3.590000000000000000e+02 -3.360448869351149725e-01
3.600000000000000000e+02 -1.720434380659091878e-01
3.610000000000000000e+02 -8.305871964247412212e-03
3.620000000000000000e+02 1.549880850281198097e-01
3.630000000000000000e+02 3.176616786274470416e-01
3.640000000000000000e+02 4.795412745534458621e-01
3.650000000000000000e+02 6.404564990778472966e-01
3.660000000000000000e+02 8.002403722236639538e-01
3.670000000000000000e+02 9.587294336621667856e-01
3.680000000000000000e+02 1.115763861369852172e+00
3.690000000000000000e+02 1.271187583110619634e+00
3.700000000000000000e+02 1.424848380817878235e+00
3.710000000000000000e+02 1.576597987956541713e+00
3.720000000000000000e+02 1.726292179952872319e+00
3.730000000000000000e+02 1.873790857784424446e+00
3.740000000000000000e+02 2.018958124828875711e+00
3.750000000000000000e+02 2.161662357076596486e+00
3.760000000000000000e+02 2.301776266814403282e+00
3.770000000000000000e+02 2.439176959894676422e+00
3.780000000000000000e+02 2.573745986707818290e+00
3.790000000000000000e+02 2.705369386978723423e+00
3.800000000000000000e+02 2.833937728513432397e+00
3.810000000000000000e+02 2.959346140023437766e+00
3.820000000000000000e+02 3.081494338159832758e+00
3.830000000000000000e+02 3.200286648891397689e+00
3.840000000000000000e+02 3.315632023362551362e+00
3.850000000000000000e+02 3.427444048370646534e+00
3.860000000000000000e+02 3.535640951602685877e+00
3.870000000000000000e+02 3.640145601774228190e+00
3.880000000000000000e+02 3.740885503813422108e+00
3.890000000000000000e+02 3.837792789235274338e+00
3.900000000000000000e+02 3.930804201852227564e+00
3.910000000000000000e+02 4.019861078966688872e+00
3.920000000000000000e+02 4.104909328192691831e+00
3.930000000000000000e+02 4.185899400054339914e+00
3.940000000000000000e+02 4.262786256507278715e+00
3.950000000000000000e+02 4.335529335531388639e+00
3.960000000000000000e+02 4.404092511940713273e+00
3.970000000000000000e+02 4.468444054557846989e+00
3.980000000000000000e+02 4.528556579897757395e+00
3.990000000000000000e+02 4.584407002507178142e+00
4.000000000000000000e+02 4.635976482102546647e+00
4.010000000000000000e+02 4.683250367650600765e+00
4.020000000000000000e+02 4.726218138533005764e+00
4.030000000000000000e+02 4.764873342935923795e+00
4.040000000000000000e+02 4.799213533603455595e+00
4.050000000000000000e+02 4.829240201092917850e+00
4.060000000000000000e+02 4.854958704667921232e+00
4.070000000000000000e+02 4.876378200963218390e+00
4.080000000000000000e+02 4.893511570554275103e+00
4.090000000000000000e+02 4.906375342561704933e+00
4.100000000000000000e+02 4.914989617419294632e+00
4.110000000000000000e+02 4.919377987931972562e+00
4.120000000000000000e+02 4.919567458748111299e+00
4.130000000000000000e+02 4.915588364368176144e+00
4.140000000000000000e+02 4.907474285809628078e+00
4.150000000000000000e+02 4.895261966045538315e+00
4.160000000000000000e+02 4.878991224332070331e+00
4.170000000000000000e+02 4.858704869537577409e+00
4.180000000000000000e+02 4.834448612583552851e+00
4.190000000000000000e+02 4.806270978105231961e+00
4.200000000000000000e+02 4.774223215437061185e+00
4.210000000000000000e+02 4.738359209026029362e+00
4.220000000000000000e+02 4.698735388372452526e+00
4.230000000000000000e+02 4.655410637596628654e+00
4.240000000000000000e+02 4.608446204725307638e+00
4.250000000000000000e+02 4.557905610791417317e+00
4.260000000000000000e+02 4.503854558835983291e+00
4.270000000000000000e+02 4.446360842899875543e+00
4.280000000000000000e+02 4.385494257089427528e+00
4.290000000000000000e+02 4.321326504798471468e+00
4.300000000000000000e+02 4.253931108165614816e+00
4.310000000000000000e+02 4.183383317843196281e+00
4.320000000000000000e+02 4.109760023152918329e+00
4.330000000000000000e+02 4.033139662698668637e+00
4.340000000000000000e+02 3.953602135505775550e+00
4.350000000000000000e+02 3.871228712753876700e+00
4.360000000000000000e+02 3.786101950165485341e+00
4.370000000000000000e+02 3.698305601113765828e+00
4.380000000000000000e+02 3.607924530506199545e+00
4.390000000000000000e+02 3.515044629502673601e+00
4.400000000000000000e+02 3.419752731120001332e+00
4.410000000000000000e+02 3.322136526775635534e+00
4.420000000000000000e+02 3.222284483819738199e+00
4.430000000000000000e+02 3.120285764101354609e+00
4.440000000000000000e+02 3.016230143614935244e+00
4.450000000000000000e+02 2.910207933267731750e+00
4.460000000000000000e+02 2.802309900809080379e+00
4.470000000000000000e+02 2.692627193959446164e+00
4.480000000000000000e+02 2.581251264774035992e+00
4.490000000000000000e+02 2.468273795275191418e+00
4.500000000000000000e+02 2.353786624384950787e+00
4.510000000000000000e+02 2.237881676186464830e+00
4.520000000000000000e+02 2.120650889542510686e+00
4.530000000000000000e+02 2.002186149095693590e+00
4.540000000000000000e+02 1.882579217674050787e+00
4.550000000000000000e+02 1.761921670124209749e+00
4.560000000000000000e+02 1.640304828589973729e+00
4.570000000000000000e+02 1.517819699256875543e+00
4.580000000000000000e+02 1.394556910576229436e+00
4.590000000000000000e+02 1.270606652984766605e+00
4.600000000000000000e+02 1.146058620131718220e+00
4.610000000000000000e+02 1.021001951625034376e+00
4.620000000000000000e+02 8.955251773053380937e-01
4.630000000000000000e+02 7.697161630567050938e-01
4.640000000000000000e+02 6.436620581596060875e-01
4.650000000000000000e+02 5.174492441914393392e-01
4.660000000000000000e+02 3.911632854783299029e-01
4.670000000000000000e+02 2.648888811000704724e-01
4.680000000000000000e+02 1.387098184490830333e-01
4.690000000000000000e+02 1.270892834284385181e-02
4.700000000000000000e+02 -1.130319583121097010e-01
4.710000000000000000e+02 -2.384320523066403852e-01
4.720000000000000000e+02 -3.634116463716107193e-01
4.730000000000000000e+02 -4.878921538805588987e-01
4.740000000000000000e+02 -6.117961460200662671e-01
4.750000000000000000e+02 -7.350473874331394653e-01
4.760000000000000000e+02 -8.575708703471668359e-01
4.770000000000000000e+02 -9.792928471927218048e-01
4.780000000000000000e+02 -1.100140861725705577e+00
4.790000000000000000e+02 -1.220043778662895706e+00
4.800000000000000000e+02 -1.338931811844021214e+00
4.810000000000000000e+02 -1.456736550931801988e+00
4.820000000000000000e+02 -1.573390986665692548e+00
4.830000000000000000e+02 -1.688829534681642874e+00
4.840000000000000000e+02 -1.802988057915005049e+00
4.850000000000000000e+02 -1.915803887600791899e+00
4.860000000000000000e+02 -2.027215842889323216e+00
4.870000000000000000e+02 -2.137164249093336466e+00
4.880000000000000000e+02 -2.245590954584360421e+00
4.890000000000000000e+02 -2.352439346357386274e+00
4.900000000000000000e+02 -2.457654364281911974e+00
4.910000000000000000e+02 -2.561182514058895077e+00
4.920000000000000000e+02 -2.662971878903111822e+00
4.930000000000000000e+02 -2.762972129971628554e+00
4.940000000000000000e+02 -2.861134535558631953e+00
4.950000000000000000e+02 -2.957411969077048397e+00
4.960000000000000000e+02 -3.051758915849612563e+00
4.970000000000000000e+02 -3.144131478729091711e+00
4.980000000000000000e+02 -3.234487382571650471e+00
4.990000000000000000e+02 -3.322785977583440520e+00
5.000000000000000000e+02 -3.408988241564622435e+00
5.010000000000000000e+02 -3.493056781072181316e+00
5.020000000000000000e+02 -3.574955831524923244e+00
5.030000000000000000e+02 -3.654651256273512949e+00
5.040000000000000000e+02 -3.732110544658568063e+00
5.050000000000000000e+02 -3.807302809080110872e+00
5.060000000000000000e+02 -3.880198781102067063e+00
5.070000000000000000e+02 -3.950770806614339214e+00
5.080000000000000000e+02 -4.018992840077019402e+00
5.090000000000000000e+02 -4.084840437869679874e+00
5.100000000000000000e+02 -4.148290750769023205e+00
5.110000000000000000e+02 -4.209322515579400736e+00
5.120000000000000000e+02 -4.267916045938798142e+00
5.130000000000000000e+02 -4.324053222324189427e+00
5.140000000000000000e+02 -4.377717481280055445e+00
5.150000000000000000e+02 -4.428893803892658632e+00
5.160000000000000000e+02 -4.477568703534399397e+00
5.170000000000000000e+02 -4.523730212900876957e+00
5.180000000000000000e+02 -4.567367870363720606e+00
5.190000000000000000e+02 -4.608472705662800983e+00
5.200000000000000000e+02 -4.647037224960146595e+00
5.210000000000000000e+02 -4.683055395278623578e+00
5.220000000000000000e+02 -4.716522628347769697e+00
5.230000000000000000e+02 -4.747435763879535919e+00
5.240000000000000000e+02 -4.775793052295717267e+00
5.250000000000000000e+02 -4.801594136929691281e+00
5.260000000000000000e+02 -4.824840035723618747e+00
5.270000000000000000e+02 -4.845533122443610452e+00
5.280000000000000000e+02 -4.863677107433459490e+00
5.290000000000000000e+02 -4.879277017928805193e+00
5.300000000000000000e+02 -4.892339177952221618e+00
5.310000000000000000e+02 -4.902871187810279530e+00
5.320000000000000000e+02 -4.910881903212901634e+00
5.330000000000000000e+02 -4.916381414035240205e+00
5.340000000000000000e+02 -4.919381022742127740e+00
5.350000000000000000e+02 -4.919893222494654772e+00
5.360000000000000000e+02 -4.917931674958399668e+00
5.370000000000000000e+02 -4.913511187832376059e+00
5.380000000000000000e+02 -4.906647692117568127e+00
5.390000000000000000e+02 -4.897358219143602476e+00
5.400000000000000000e+02 -4.885660877371827304e+00
5.410000000000000000e+02 -4.871574828992717876e+00
5.420000000000000000e+02 -4.855120266335293699e+00
5.430000000000000000e+02 -4.836318388106004562e+00
5.440000000000000000e+02 -4.815191375473856006e+00
5.450000000000000000e+02 -4.791762368018832596e+00
5.460000000000000000e+02 -4.766055439559758966e+00
5.470000000000000000e+02 -4.738095573877947331e+00
5.480000000000000000e+02 -4.707908640352201246e+00
5.490000000000000000e+02 -4.675521369520780013e+00
5.500000000000000000e+02 -4.640961328585393453e+00
5.510000000000000000e+02 -4.604256896872102267e+00
5.520000000000000000e+02 -4.565437241263649248e+00
5.530000000000000000e+02 -4.524532291617272328e+00
5.540000000000000000e+02 -4.481572716182079752e+00
5.550000000000000000e+02 -4.436589897029217688e+00
5.560000000000000000e+02 -4.389615905508271076e+00
5.570000000000000000e+02 -4.340683477742889984e+00
5.580000000000000000e+02 -4.289825990177840609e+00
5.590000000000000000e+02 -4.237077435190006014e+00
5.600000000000000000e+02 -4.182472396775249734e+00
5.610000000000000000e+02 -4.126046026322620186e+00
5.620000000000000000e+02 -4.067834018487285874e+00
5.630000000000000000e+02 -4.007872587173221035e+00
5.640000000000000000e+02 -3.946198441636119547e+00
5.650000000000000000e+02 -3.882848762717279190e+00
5.660000000000000000e+02 -3.817861179217728829e+00
5.670000000000000000e+02 -3.751273744423301082e+00
5.680000000000000000e+02 -3.683124912789361272e+00
5.690000000000000000e+02 -3.613453516794713050e+00
5.700000000000000000e+02 -3.542298743973129493e+00
5.710000000000000000e+02 -3.469700114131411439e+00
5.720000000000000000e+02 -3.395697456761900934e+00
5.730000000000000000e+02 -3.320330888657756052e+00
5.740000000000000000e+02 -3.243640791738112483e+00
5.750000000000000000e+02 -3.165667791090804872e+00
5.760000000000000000e+02 -3.086452733240069080e+00
5.770000000000000000e+02 -3.006036664645014067e+00
5.780000000000000000e+02 -2.924460810436424918e+00
5.790000000000000000e+02 -2.841766553397744310e+00
5.800000000000000000e+02 -2.757995413195970524e+00
5.810000000000000000e+02 -2.673189025868330848e+00
5.820000000000000000e+02 -2.587389123570415173e+00
5.830000000000000000e+02 -2.500637514591091737e+00
5.840000000000000000e+02 -2.412976063637634727e+00
5.850000000000000000e+02 -2.324446672398471136e+00
5.860000000000000000e+02 -2.235091260385130507e+00
5.870000000000000000e+02 -2.144951746059601927e+00
5.880000000000000000e+02 -2.054070028249836088e+00
5.890000000000000000e+02 -1.962487967858153048e+00
5.900000000000000000e+02 -1.870247369864519893e+00
5.910000000000000000e+02 -1.777389965629769142e+00
5.920000000000000000e+02 -1.683957395500595089e+00
5.930000000000000000e+02 -1.589991191718636454e+00
5.940000000000000000e+02 -1.495532761638462160e+00
5.950000000000000000e+02 -1.400623371253814531e+00
5.960000000000000000e+02 -1.305304129036828797e+00
5.970000000000000000e+02 -1.209615970090740289e+00
5.980000000000000000e+02 -1.113599640618360809e+00
5.990000000000000000e+02 -1.017295682707406890e+00
