0.000000000000000000e+00 4.019440285917837485e+01
1.000000000000000000e+00 3.003837999390434987e+01
2.000000000000000000e+00 3.003732864090022758e+01
3.000000000000000000e+00 3.003557627177918832e+01
4.000000000000000000e+00 3.003312271542115752e+01
5.000000000000000000e+00 3.002996773233396510e+01
6.000000000000000000e+00 3.002611101472670185e+01
7.000000000000000000e+00 3.002155218661424740e+01
8.000000000000000000e+00 3.001629080393673377e+01
9.000000000000000000e+00 3.001032635470403065e+01
1.000000000000000000e+01 3.000365825916260576e+01
1.100000000000000000e+01 2.999628586998723634e+01
1.200000000000000000e+01 2.998820847249399435e+01
1.300000000000000000e+01 2.997942528487869396e+01
1.400000000000000000e+01 2.996993545847974616e+01
1.500000000000000000e+01 2.995973807806549161e+01
1.600000000000000000e+01 2.994883216214736876e+01
1.700000000000000000e+01 2.993721666331913411e+01
1.800000000000000000e+01 2.992489046862268509e+01
1.900000000000000000e+01 2.991185239994153022e+01
2.000000000000000000e+01 2.989810121442214808e+01
2.100000000000000000e+01 2.988363560492416582e+01
2.200000000000000000e+01 2.986845420050062927e+01
2.300000000000000000e+01 2.985255556690818679e+01
2.400000000000000000e+01 2.983593820714946077e+01
2.500000000000000000e+01 2.981860056204704534e+01
2.600000000000000000e+01 2.980054101085147522e+01
2.700000000000000000e+01 2.978175787188335022e+01
2.800000000000000000e+01 2.976224940321113976e+01
2.900000000000000000e+01 2.974201380336547373e+01
3.000000000000000000e+01 2.972104921209147932e+01
3.100000000000000000e+01 2.969935371114011957e+01
3.200000000000000000e+01 2.967692532509991210e+01
3.300000000000000000e+01 2.965376202227049873e+01
3.400000000000000000e+01 2.962986171557911774e+01
3.500000000000000000e+01 2.960522226354192199e+01
3.600000000000000000e+01 2.957984147127112706e+01
3.700000000000000000e+01 2.955371709152983684e+01
3.800000000000000000e+01 2.952684682583605635e+01
3.900000000000000000e+01 2.949922832561754049e+01
4.000000000000000000e+01 2.947085919341915883e+01
4.100000000000000000e+01 2.944173698416456730e+01
4.200000000000000000e+01 2.941185920647392038e+01
4.300000000000000000e+01 2.938122332403951731e+01
4.400000000000000000e+01 2.934982675706127964e+01
4.500000000000000000e+01 2.931766688374402463e+01
4.600000000000000000e+01 2.928474104185843174e+01
4.700000000000000000e+01 2.925104653036797941e+01
4.800000000000000000e+01 2.921658061112366056e+01
4.900000000000000000e+01 2.918134051062885703e+01
5.000000000000000000e+01 2.914532342187646563e+01
5.100000000000000000e+01 2.910852650626056004e+01
5.200000000000000000e+01 2.907094689556476652e+01
5.300000000000000000e+01 2.903258169402991840e+01
5.400000000000000000e+01 2.899342798050304282e+01
5.500000000000000000e+01 2.895348281067042606e+01
5.600000000000000000e+01 2.891274321937698133e+01
5.700000000000000000e+01 2.887120622303447348e+01
5.800000000000000000e+01 2.882886882212119772e+01
5.900000000000000000e+01 2.878572800377558494e+01
6.000000000000000000e+01 2.874178074448634845e+01
6.100000000000000000e+01 2.869702401288185456e+01
6.200000000000000000e+01 2.865145477262125340e+01
6.300000000000000000e+01 2.860506998539009871e+01
6.400000000000000000e+01 2.855786661400315296e+01
6.500000000000000000e+01 2.850984162561699975e+01
6.600000000000000000e+01 2.846099199505530208e+01
6.700000000000000000e+01 2.841131470824917571e+01
6.800000000000000000e+01 2.836080676579567239e+01
6.900000000000000000e+01 2.830946518663683165e+01
7.000000000000000000e+01 2.825728701186215375e+01
7.100000000000000000e+01 2.820426930863707327e+01
7.200000000000000000e+01 2.815040917426001599e+01
7.300000000000000000e+01 2.809570374035092044e+01
7.400000000000000000e+01 2.804015017717344804e+01
7.500000000000000000e+01 2.798374569809358903e+01
7.600000000000000000e+01 2.792648756417728251e+01
7.700000000000000000e+01 2.786837308892900822e+01
7.800000000000000000e+01 2.780939964317429158e+01
7.900000000000000000e+01 2.774956466008783451e+01
8.000000000000000000e+01 2.768886564036973397e+01
8.100000000000000000e+01 2.762730015757175295e+01
8.200000000000000000e+01 2.756486586357553037e+01
8.300000000000000000e+01 2.750156049422482241e+01
8.400000000000000000e+01 2.743738187511290860e+01
8.500000000000000000e+01 2.737232792752728017e+01
8.600000000000000000e+01 2.730639667455258746e+01
8.700000000000000000e+01 2.723958624733310785e+01
8.800000000000000000e+01 2.717189489149588866e+01
8.900000000000000000e+01 2.710332097373495586e+01
9.000000000000000000e+01 2.703386298855773617e+01
9.100000000000000000e+01 2.696351956519323778e+01
9.200000000000000000e+01 2.689228947466293107e+01
9.300000000000000000e+01 2.682017163701317841e+01
9.400000000000000000e+01 2.674716512870960017e+01
9.500000000000000000e+01 2.667326919019186349e+01
9.600000000000000000e+01 2.659848323358817268e+01
9.700000000000000000e+01 2.652280685058777365e+01
9.800000000000000000e+01 2.644623982046971378e+01
9.900000000000000000e+01 2.636878211828571494e+01
1.000000000000000000e+02 2.629043392319417904e+01
1.010000000000000000e+02 2.621119562694286742e+01
1.020000000000000000e+02 2.613106784249603010e+01
1.030000000000000000e+02 2.605005141280281933e+01
1.040000000000000000e+02 2.596814741970190354e+01
1.050000000000000000e+02 2.588535719295771642e+01
1.060000000000000000e+02 2.580168231942294454e+01
1.070000000000000000e+02 2.571712465232082323e+01
1.080000000000000000e+02 2.563168632064152064e+01
1.090000000000000000e+02 2.554536973864462368e+01
1.100000000000000000e+02 2.545817761546061675e+01
1.110000000000000000e+02 2.537011296478305766e+01
1.120000000000000000e+02 2.528117911464206813e+01
1.130000000000000000e+02 2.519137971725035996e+01
1.140000000000000000e+02 2.510071875891073745e+01
1.150000000000000000e+02 2.500920056997508567e+01
1.160000000000000000e+02 2.491682983484262337e+01
1.170000000000000000e+02 2.482361160198579952e+01
1.180000000000000000e+02 2.472955129399052865e+01
1.190000000000000000e+02 2.463465471759749903e+01
1.200000000000000000e+02 2.453892807373013341e+01
1.210000000000000000e+02 2.444237796749439795e+01
1.220000000000000000e+02 2.434501141813466774e+01
1.230000000000000000e+02 2.424683586892951226e+01
1.240000000000000000e+02 2.414785919701023786e+01
1.250000000000000000e+02 2.404808972308452653e+01
1.260000000000000000e+02 2.394753622104716229e+01
1.270000000000000000e+02 2.384620792745833739e+01
1.280000000000000000e+02 2.374411455087041389e+01
1.290000000000000000e+02 2.364126628098268057e+01
1.300000000000000000e+02 2.353767379760357770e+01
1.310000000000000000e+02 2.343334827939887433e+01
1.320000000000000000e+02 2.332830141240413724e+01
1.330000000000000000e+02 2.322254539827898512e+01
1.340000000000000000e+02 2.311609296228090571e+01
1.350000000000000000e+02 2.300895736093504240e+01
1.360000000000000000e+02 2.290115238937667286e+01
1.370000000000000000e+02 2.279269238834298505e+01
1.380000000000000000e+02 2.268359225078961572e+01
1.390000000000000000e+02 2.257386742810852454e+01
1.400000000000000000e+02 2.246353393592269398e+01
1.410000000000000000e+02 2.235260835943332580e+01
1.420000000000000000e+02 2.224110785829576997e+01
1.430000000000000000e+02 2.212905017099939897e+01
1.440000000000000000e+02 2.201645361872925832e+01
1.450000000000000000e+02 2.190333710868341299e+01
1.460000000000000000e+02 2.178972013682520981e+01
1.470000000000000000e+02 2.167562279004653192e+01
1.480000000000000000e+02 2.156106574771985152e+01
1.490000000000000000e+02 2.144607028261812331e+01
1.500000000000000000e+02 2.133065826118142994e+01
1.510000000000000000e+02 2.121485214311028145e+01
1.520000000000000000e+02 2.109867498026673260e+01
1.530000000000000000e+02 2.098215041486520960e+01
1.540000000000000000e+02 2.086530267693678198e+01
1.550000000000000000e+02 2.074815658104943239e+01
1.560000000000000000e+02 2.063073752227246871e+01
1.570000000000000000e+02 2.051307147136963849e+01
1.580000000000000000e+02 2.039518496921124324e+01
1.590000000000000000e+02 2.027710512039413615e+01
1.600000000000000000e+02 2.015885958606172679e+01
1.610000000000000000e+02 2.004047657591766196e+01
1.620000000000000000e+02 1.992198483942746989e+01
1.630000000000000000e+02 1.980341365620632388e+01
1.640000000000000000e+02 1.968479282559098920e+01
1.650000000000000000e+02 1.956615265539718962e+01
1.660000000000000000e+02 1.944752394986498345e+01
1.670000000000000000e+02 1.932893799679797553e+01
1.680000000000000000e+02 1.921042655390197851e+01
1.690000000000000000e+02 1.909202183433352573e+01
1.700000000000000000e+02 1.897375649146856702e+01
1.710000000000000000e+02 1.885566360290489030e+01
1.720000000000000000e+02 1.873777665371411771e+01
1.730000000000000000e+02 1.862012951895955482e+01
1.740000000000000000e+02 1.850275644550110243e+01
1.750000000000000000e+02 1.838569203310704125e+01
1.760000000000000000e+02 1.826897121489698250e+01
1.770000000000000000e+02 1.815262923714184851e+01
1.780000000000000000e+02 1.803670163844688190e+01
1.790000000000000000e+02 1.792122422834762219e+01
1.800000000000000000e+02 1.780623306534878836e+01
1.810000000000000000e+02 1.769176443443929969e+01
1.820000000000000000e+02 1.757785482411552991e+01
1.830000000000000000e+02 1.746454090294960793e+01
1.840000000000000000e+02 1.735185949573723008e+01
1.850000000000000000e+02 1.723984755926397128e+01
1.860000000000000000e+02 1.712854215772739153e+01
1.870000000000000000e+02 1.701798043785455761e+01
1.880000000000000000e+02 1.690819960375474196e+01
1.890000000000000000e+02 1.679923689154765043e+01
1.900000000000000000e+02 1.669112954380829805e+01
1.910000000000000000e+02 1.658391478386949203e+01
1.920000000000000000e+02 1.647762979002272488e+01
1.930000000000000000e+02 1.637231166965923990e+01
1.940000000000000000e+02 1.626799743339180182e+01
1.950000000000000000e+02 1.616472396919769139e+01
1.960000000000000000e+02 1.606252801662331819e+01
1.970000000000000000e+02 1.596144614108936466e+01
1.980000000000000000e+02 1.586151470833557653e+01
1.990000000000000000e+02 1.576276985904227956e+01
2.000000000000000000e+02 1.566524748366624564e+01
2.010000000000000000e+02 1.556898319752517779e+01
2.020000000000000000e+02 1.547401231616573369e+01
2.030000000000000000e+02 1.538036983104777988e+01
2.040000000000000000e+02 1.528809038557596622e+01
2.050000000000000000e+02 1.519720825150848142e+01
2.060000000000000000e+02 1.510775730577072906e+01
2.070000000000000000e+02 1.501977100770083240e+01
2.080000000000000000e+02 1.493328237675065751e+01
2.090000000000000000e+02 1.484832397066572440e+01
2.100000000000000000e+02 1.476492786416456582e+01
2.110000000000000000e+02 1.468312562813620303e+01
2.120000000000000000e+02 1.460294830937301569e+01
2.130000000000000000e+02 1.452442641085383812e+01
2.140000000000000000e+02 1.444758987259076832e+01
2.150000000000000000e+02 1.437246805305029440e+01
2.160000000000000000e+02 1.429908971115851557e+01
2.170000000000000000e+02 1.422748298889802143e+01
2.180000000000000000e+02 1.415767539450160939e+01
2.190000000000000000e+02 1.408969378624733793e+01
2.200000000000000000e+02 1.402356435685683778e+01
2.210000000000000000e+02 1.395931261849739968e+01
2.220000000000000000e+02 1.389696338838729162e+01
2.230000000000000000e+02 1.383654077500150947e+01
2.240000000000000000e+02 1.377806816487445474e+01
2.250000000000000000e+02 1.372156820999439475e+01
2.260000000000000000e+02 1.366706281578333204e+01
2.270000000000000000e+02 1.361457312965530875e+01
2.280000000000000000e+02 1.356411953014454141e+01
2.290000000000000000e+02 1.351572161659427707e+01
2.300000000000000000e+02 1.346939819939673910e+01
2.310000000000000000e+02 1.342516729077301818e+01
2.320000000000000000e+02 1.338304609608270823e+01
2.330000000000000000e+02 1.334305100565069324e+01
2.340000000000000000e+02 1.330519758710038403e+01
2.350000000000000000e+02 1.326950057818038786e+01
2.360000000000000000e+02 1.323597388007339504e+01
2.370000000000000000e+02 1.320463055117448903e+01
2.380000000000000000e+02 1.317548280132742278e+01
2.390000000000000000e+02 1.314854198650692396e+01
2.400000000000000000e+02 1.312381860393551491e+01
2.410000000000000000e+02 1.310132228762417483e+01
2.420000000000000000e+02 1.308106180432593391e+01
2.430000000000000000e+02 1.306304504989291004e+01
2.440000000000000000e+02 1.304727904602705379e+01
2.450000000000000000e+02 1.303376993741652612e+01
2.460000000000000000e+02 1.302252298924953422e+01
2.470000000000000000e+02 1.301354258509908490e+01
2.480000000000000000e+02 1.300683222517240267e+01
2.490000000000000000e+02 1.300239452492001035e+01
2.500000000000000000e+02 1.300023121400047543e+01
2.510000000000000000e+02 1.300034313559763177e+01
2.520000000000000000e+02 1.300273024608827299e+01
2.530000000000000000e+02 1.300739161505937247e+01
2.540000000000000000e+02 1.301432542567474115e+01
2.550000000000000000e+02 1.302352897539241283e+01
2.560000000000000000e+02 1.303499867703472148e+01
2.570000000000000000e+02 1.304873006021443871e+01
2.580000000000000000e+02 1.306471777312091476e+01
2.590000000000000000e+02 1.308295558467160902e+01
2.600000000000000000e+02 1.310343638703503899e+01
2.610000000000000000e+02 1.312615219853197246e+01
2.620000000000000000e+02 1.315109416692301991e+01
2.630000000000000000e+02 1.317825257309087661e+01
2.640000000000000000e+02 1.320761683512695583e+01
2.650000000000000000e+02 1.323917551283183869e+01
2.660000000000000000e+02 1.327291631264078120e+01
2.670000000000000000e+02 1.330882609298475217e+01
2.680000000000000000e+02 1.334689087009869723e+01
2.690000000000000000e+02 1.338709582428883138e+01
2.700000000000000000e+02 1.342942530667077605e+01
2.710000000000000000e+02 1.347386284639072684e+01
2.720000000000000000e+02 1.352039115834168115e+01
2.730000000000000000e+02 1.356899215138680503e+01
2.740000000000000000e+02 1.361964693710161356e+01
2.750000000000000000e+02 1.367233583904662098e+01
2.760000000000000000e+02 1.372703840258111896e+01
2.770000000000000000e+02 1.378373340522913892e+01
2.780000000000000000e+02 1.384239886760686744e+01
2.790000000000000000e+02 1.390301206492102537e+01
2.800000000000000000e+02 1.396554953904618301e+01
2.810000000000000000e+02 1.402998711118825170e+01
2.820000000000000000e+02 1.409629989514053605e+01
2.830000000000000000e+02 1.416446231113640764e+01
2.840000000000000000e+02 1.423444810030397534e+01
2.850000000000000000e+02 1.430623033972283054e+01
2.860000000000000000e+02 1.437978145808510178e+01
2.870000000000000000e+02 1.445507325196010839e+01
2.880000000000000000e+02 1.453207690265914920e+01
2.890000000000000000e+02 1.461076299369744902e+01
2.900000000000000000e+02 1.469110152884659470e+01
2.910000000000000000e+02 1.477306195077013484e+01
2.920000000000000000e+02 1.485661316023324829e+01
2.930000000000000000e+02 1.494172353587387292e+01
2.940000000000000000e+02 1.502836095452359899e+01
2.950000000000000000e+02 1.511649281206180007e+01
2.960000000000000000e+02 1.520608604478612946e+01
2.970000000000000000e+02 1.529710715128102194e+01
2.980000000000000000e+02 1.538952221476227677e+01
2.990000000000000000e+02 1.548329692587495288e+01
3.000000000000000000e+02 1.557839660592133768e+01
3.010000000000000000e+02 1.567478623048977227e+01
3.020000000000000000e+02 1.577243045345935357e+01
3.030000000000000000e+02 1.587129363134765825e+01
3.040000000000000000e+02 1.597133984797244821e+01
3.050000000000000000e+02 1.607253293939294991e+01
3.060000000000000000e+02 1.617483651909657993e+01
3.070000000000000000e+02 1.627821400339677993e+01
3.080000000000000000e+02 1.638262863700352057e+01
3.090000000000000000e+02 1.648804351872971097e+01
3.100000000000000000e+02 1.659442162729436276e+01
3.110000000000000000e+02 1.670172584718354969e+01
3.120000000000000000e+02 1.680991899452850902e+01
3.130000000000000000e+02 1.691896384296083866e+01
3.140000000000000000e+02 1.702882314940260855e+01
3.150000000000000000e+02 1.713945967975266527e+01
3.160000000000000000e+02 1.725083623442491998e+01
3.170000000000000000e+02 1.736291567369991995e+01
3.180000000000000000e+02 1.747566094284839266e+01
3.190000000000000000e+02 1.758903509698449241e+01
3.200000000000000000e+02 1.770300132561268924e+01
3.210000000000000000e+02 1.781752297682475117e+01
3.220000000000000000e+02 1.793256358111274551e+01
3.230000000000000000e+02 1.804808687475746964e+01
3.240000000000000000e+02 1.816405682275785693e+01
3.250000000000000000e+02 1.828043764126673665e+01
3.260000000000000000e+02 1.839719381949785060e+01
3.270000000000000000e+02 1.851429014107380766e+01
3.280000000000000000e+02 1.863169170478338188e+01
3.290000000000000000e+02 1.874936394471971468e+01
3.300000000000000000e+02 1.886727264977269769e+01
3.310000000000000000e+02 1.898538398244973635e+01
3.320000000000000000e+02 1.910366449700158142e+01
3.330000000000000000e+02 1.922208115683363516e+01
3.340000000000000000e+02 1.934060135118000545e+01
3.350000000000000000e+02 1.945919291102742221e+01
3.360000000000000000e+02 1.957782412426954011e+01
3.370000000000000000e+02 1.969646375008117900e+01
3.380000000000000000e+02 1.981508103250189023e+01
3.390000000000000000e+02 1.993364571321696488e+01
3.400000000000000000e+02 2.005212804353315192e+01
3.410000000000000000e+02 2.017049879554054215e+01
3.420000000000000000e+02 2.028872927246067093e+01
3.430000000000000000e+02 2.040679131817866221e+01
3.440000000000000000e+02 2.052465732596148484e+01
3.450000000000000000e+02 2.064230024636478689e+01
3.460000000000000000e+02 2.075969359433361561e+01
3.470000000000000000e+02 2.087681145550424944e+01
3.480000000000000000e+02 2.099362849171491519e+01
3.490000000000000000e+02 2.111011994573587458e+01
3.500000000000000000e+02 2.122626164523071424e+01
3.510000000000000000e+02 2.134203000596162525e+01
3.520000000000000000e+02 2.145740203425284776e+01
3.530000000000000000e+02 2.157235532872991257e+01
3.540000000000000000e+02 2.168686808134918209e+01
3.550000000000000000e+02 2.180091907773699234e+01
3.560000000000000000e+02 2.191448769685884557e+01
3.570000000000000000e+02 2.202755391003541163e+01
3.580000000000000000e+02 2.214009827933012176e+01
3.590000000000000000e+02 2.225210195532664414e+01
3.600000000000000000e+02 2.236354667431989895e+01
3.610000000000000000e+02 2.247441475494434471e+01
3.620000000000000000e+02 2.258468909426020943e+01
3.630000000000000000e+02 2.269435316332394592e+01
3.640000000000000000e+02 2.280339100226458982e+01
3.650000000000000000e+02 2.291178721489129444e+01
3.660000000000000000e+02 2.301952696285681554e+01
3.670000000000000000e+02 2.312659595939816271e+01
3.680000000000000000e+02 2.323298046268304873e+01
3.690000000000000000e+02 2.333866726878198961e+01
3.700000000000000000e+02 2.344364370429272881e+01
3.710000000000000000e+02 2.354789761863973041e+01
3.720000000000000000e+02 2.365141737607123673e+01
3.730000000000000000e+02 2.375419184737930323e+01
3.740000000000000000e+02 2.385621040136256354e+01
3.750000000000000000e+02 2.395746289605623502e+01
3.760000000000000000e+02 2.405793966975024389e+01
3.770000000000000000e+02 2.415763153181622869e+01
3.780000000000000000e+02 2.425652975336540251e+01
3.790000000000000000e+02 2.435462605775594724e+01
3.800000000000000000e+02 2.445191261097065194e+01
3.810000000000000000e+02 2.454838201188304581e+01
3.820000000000000000e+02 2.464402728243039320e+01
3.830000000000000000e+02 2.473884185771146349e+01
3.840000000000000000e+02 2.483281957602548573e+01
3.850000000000000000e+02 2.492595466886881539e+01
3.860000000000000000e+02 2.501824175090509428e+01
3.870000000000000000e+02 2.510967580992364034e+01
3.880000000000000000e+02 2.520025219679939710e+01
3.890000000000000000e+02 2.528996661547021674e+01
3.900000000000000000e+02 2.537881511294074954e+01
3.910000000000000000e+02 2.546679406932909728e+01
3.920000000000000000e+02 2.555390018796411411e+01
3.930000000000000000e+02 2.564013048554650709e+01
3.940000000000000000e+02 2.572548228238273182e+01
3.950000000000000000e+02 2.580995319270141763e+01
3.960000000000000000e+02 2.589354111506138523e+01
3.970000000000000000e+02 2.597624422285906576e+01
3.980000000000000000e+02 2.605806095494314079e+01
3.990000000000000000e+02 2.613899000634370395e+01
4.000000000000000000e+02 2.621903031912199822e+01
4.010000000000000000e+02 2.629818107334683575e+01
4.020000000000000000e+02 2.637644167820325336e+01
4.030000000000000000e+02 2.645381176323766681e+01
4.040000000000000000e+02 2.653029116974495238e+01
4.050000000000000000e+02 2.660587994230010978e+01
4.060000000000000000e+02 2.668057832043897193e+01
4.070000000000000000e+02 2.675438673049066551e+01
4.080000000000000000e+02 2.682730577756362678e+01
4.090000000000000000e+02 2.689933623768915538e+01
4.100000000000000000e+02 2.697047905012209057e+01
4.110000000000000000e+02 2.704073530980204865e+01
4.120000000000000000e+02 2.711010625997484524e+01
4.130000000000000000e+02 2.717859328497583604e+01
4.140000000000000000e+02 2.724619790317537849e+01
4.150000000000000000e+02 2.731292176008610539e+01
4.160000000000000000e+02 2.737876662163295549e+01
4.170000000000000000e+02 2.744373436758441542e+01
4.180000000000000000e+02 2.750782698514550617e+01
4.190000000000000000e+02 2.757104656271088317e+01
4.200000000000000000e+02 2.763339528377774457e+01
4.210000000000000000e+02 2.769487542101628108e+01
4.220000000000000000e+02 2.775548933049815403e+01
4.230000000000000000e+02 2.781523944607885213e+01
4.240000000000000000e+02 2.787412827393506021e+01
4.250000000000000000e+02 2.793215838725303612e+01
4.260000000000000000e+02 2.798933242106680552e+01
4.270000000000000000e+02 2.804565306724489204e+01
4.280000000000000000e+02 2.810112306962178508e+01
4.290000000000000000e+02 2.815574521927338125e+01
4.300000000000000000e+02 2.820952234993314889e+01
4.310000000000000000e+02 2.826245733354718226e+01
4.320000000000000000e+02 2.831455307596499793e+01
4.330000000000000000e+02 2.836581251276423998e+01
4.340000000000000000e+02 2.841623860520642708e+01
4.350000000000000000e+02 2.846583433632079618e+01
4.360000000000000000e+02 2.851460270711433509e+01
4.370000000000000000e+02 2.856254673290445822e+01
4.380000000000000000e+02 2.860966943977255994e+01
4.390000000000000000e+02 2.865597386113469014e+01
4.400000000000000000e+02 2.870146303442793823e+01
4.410000000000000000e+02 2.874613999790840069e+01
4.420000000000000000e+02 2.879000778755919754e+01
4.430000000000000000e+02 2.883306943410529755e+01
4.440000000000000000e+02 2.887532796013226033e+01
4.450000000000000000e+02 2.891678637730717227e+01
4.460000000000000000e+02 2.895744768369761246e+01
4.470000000000000000e+02 2.899731486118785284e+01
4.480000000000000000e+02 2.903639087298796895e+01
4.490000000000000000e+02 2.907467866123463196e+01
4.500000000000000000e+02 2.911218114468031359e+01
4.510000000000000000e+02 2.914890121646854126e+01
4.520000000000000000e+02 2.918484174199312520e+01
4.530000000000000000e+02 2.922000555683831990e+01
4.540000000000000000e+02 2.925439546479809039e+01
4.550000000000000000e+02 2.928801423597194642e+01
4.560000000000000000e+02 2.932086460493497881e+01
4.570000000000000000e+02 2.935294926898005485e+01
4.580000000000000000e+02 2.938427088642974638e+01
4.590000000000000000e+02 2.941483207501602948e+01
4.600000000000000000e+02 2.944463541032574483e+01
4.610000000000000000e+02 2.947368342430945276e+01
4.620000000000000000e+02 2.950197860385173954e+01
4.630000000000000000e+02 2.952952338940169241e+01
4.640000000000000000e+02 2.955632017366054498e+01
4.650000000000000000e+02 2.958237130032548379e+01
4.660000000000000000e+02 2.960767906288756279e+01
4.670000000000000000e+02 2.963224570348179299e+01
4.680000000000000000e+02 2.965607341178832002e+01
4.690000000000000000e+02 2.967916432398207860e+01
4.700000000000000000e+02 2.970152052173033042e+01
4.710000000000000000e+02 2.972314403123585080e+01
4.720000000000000000e+02 2.974403682232464519e+01
4.730000000000000000e+02 2.976420080757674214e+01
4.740000000000000000e+02 2.978363784149832583e+01
4.750000000000000000e+02 2.980234971973430191e+01
4.760000000000000000e+02 2.982033817831988642e+01
4.770000000000000000e+02 2.983760489296982499e+01
4.780000000000000000e+02 2.985415147840419792e+01
4.790000000000000000e+02 2.986997948770971334e+01
4.800000000000000000e+02 2.988509041173519876e+01
4.810000000000000000e+02 2.989948567852056271e+01
4.820000000000000000e+02 2.991316665275782682e+01
4.830000000000000000e+02 2.992613463528375206e+01
4.840000000000000000e+02 2.993839086260280524e+01
4.850000000000000000e+02 2.994993650643947802e+01
4.860000000000000000e+02 2.996077267332026750e+01
4.870000000000000000e+02 2.997090040418210322e+01
4.880000000000000000e+02 2.998032067401036471e+01
4.890000000000000000e+02 2.998903439150093675e+01
4.900000000000000000e+02 2.999704239875068268e+01
4.910000000000000000e+02 3.000434547097184179e+01
4.920000000000000000e+02 3.001094431623210923e+01
4.930000000000000000e+02 3.001683957521829171e+01
4.940000000000000000e+02 3.002203182102517331e+01
4.950000000000000000e+02 3.002652155896725361e+01
4.960000000000000000e+02 3.003030922641470823e+01
4.970000000000000000e+02 3.003339519264664048e+01
4.980000000000000000e+02 3.003577975874051376e+01
4.990000000000000000e+02 3.003746315746735007e+01
5.000000000000000000e+02 3.003844555320869603e+01
5.010000000000000000e+02 3.003872704147325834e+01
5.020000000000000000e+02 3.003830765118112112e+01
5.030000000000000000e+02 3.003718733991998135e+01
5.040000000000000000e+02 3.003536599874624713e+01
5.050000000000000000e+02 3.003284344980779963e+01
5.060000000000000000e+02 3.002961944688642149e+01
5.070000000000000000e+02 3.002569367547976142e+01
5.080000000000000000e+02 3.002106575290006418e+01
5.090000000000000000e+02 3.001573522839684571e+01
5.100000000000000000e+02 3.000970158330608939e+01
5.110000000000000000e+02 3.000296423121855938e+01
5.120000000000000000e+02 2.999552251817191006e+01
5.130000000000000000e+02 2.998737572286849939e+01
5.140000000000000000e+02 2.997852305691497321e+01
5.150000000000000000e+02 2.996896366508740428e+01
5.160000000000000000e+02 2.995869662562169111e+01
5.170000000000000000e+02 2.994772095052898919e+01
5.180000000000000000e+02 2.993603558593763125e+01
5.190000000000000000e+02 2.992363941246155434e+01
5.200000000000000000e+02 2.991053124559643095e+01
5.210000000000000000e+02 2.989670983614393407e+01
5.220000000000000000e+02 2.988217387066485387e+01
5.230000000000000000e+02 2.986692197196215659e+01
5.240000000000000000e+02 2.985095269959435527e+01
5.250000000000000000e+02 2.983426455042099334e+01
5.260000000000000000e+02 2.981685595917988252e+01
5.270000000000000000e+02 2.979872529909837908e+01
5.280000000000000000e+02 2.977987088253904346e+01
5.290000000000000000e+02 2.976029096168087662e+01
5.300000000000000000e+02 2.973998372923740163e+01
5.310000000000000000e+02 2.971894731921267407e+01
5.320000000000000000e+02 2.969717980769662802e+01
5.330000000000000000e+02 2.967467921370083417e+01
5.340000000000000000e+02 2.965144350003617291e+01
5.350000000000000000e+02 2.962747057423374031e+01
5.360000000000000000e+02 2.960275828951054677e+01
5.370000000000000000e+02 2.957730444578123041e+01
5.380000000000000000e+02 2.955110679071787416e+01
5.390000000000000000e+02 2.952416302085860877e+01
5.400000000000000000e+02 2.949647078276783674e+01
5.410000000000000000e+02 2.946802767424874148e+01
5.420000000000000000e+02 2.943883124561045150e+01
5.430000000000000000e+02 2.940887900099121310e+01
5.440000000000000000e+02 2.937816839974009042e+01
5.450000000000000000e+02 2.934669685785820903e+01
5.460000000000000000e+02 2.931446174950224304e+01
5.470000000000000000e+02 2.928146040855200738e+01
5.480000000000000000e+02 2.924769013024361186e+01
5.490000000000000000e+02 2.921314817287119325e+01
5.500000000000000000e+02 2.917783175955889519e+01
5.510000000000000000e+02 2.914173808010492195e+01
5.520000000000000000e+02 2.910486429290101285e+01
5.530000000000000000e+02 2.906720752692807253e+01
5.540000000000000000e+02 2.902876488383220632e+01
5.550000000000000000e+02 2.898953344008147326e+01
5.560000000000000000e+02 2.894951024920764837e+01
5.570000000000000000e+02 2.890869234413391808e+01
5.580000000000000000e+02 2.886707673959217146e+01
5.590000000000000000e+02 2.882466043463181293e+01
5.600000000000000000e+02 2.878144041522275032e+01
5.610000000000000000e+02 2.873741365695503802e+01
5.620000000000000000e+02 2.869257712783828040e+01
5.630000000000000000e+02 2.864692779120289856e+01
5.640000000000000000e+02 2.860046260870604939e+01
5.650000000000000000e+02 2.855317854344556849e+01
5.660000000000000000e+02 2.850507256318294580e+01
5.670000000000000000e+02 2.845614164367994192e+01
5.680000000000000000e+02 2.840638277215079199e+01
5.690000000000000000e+02 2.835579295083199014e+01
5.700000000000000000e+02 2.830436920067397821e+01
5.710000000000000000e+02 2.825210856515509761e+01
5.720000000000000000e+02 2.819900811422306575e+01
5.730000000000000000e+02 2.814506494836500039e+01
5.740000000000000000e+02 2.809027620280846804e+01
5.750000000000000000e+02 2.803463905185756744e+01
5.760000000000000000e+02 2.797815071336463433e+01
5.770000000000000000e+02 2.792080845334187700e+01
5.780000000000000000e+02 2.786260959071398347e+01
5.790000000000000000e+02 2.780355150221476279e+01
5.800000000000000000e+02 2.774363162743000544e+01
5.810000000000000000e+02 2.768284747398799084e+01
5.820000000000000000e+02 2.762119662290091426e+01
5.830000000000000000e+02 2.755867673405802520e+01
5.840000000000000000e+02 2.749528555187319157e+01
5.850000000000000000e+02 2.743102091108770679e+01
5.860000000000000000e+02 2.736588074273016957e+01
5.870000000000000000e+02 2.729986308023562458e+01
5.880000000000000000e+02 2.723296606572330703e+01
5.890000000000000000e+02 2.716518795643579764e+01
5.900000000000000000e+02 2.709652713133918311e+01
5.910000000000000000e+02 2.702698209788540851e+01
5.920000000000000000e+02 2.695655149893661218e+01
5.930000000000000000e+02 2.688523411985121214e+01
5.940000000000000000e+02 2.681302889573321835e+01
5.950000000000000000e+02 2.673993491884177942e+01
5.960000000000000000e+02 2.666595144616215407e+01
5.970000000000000000e+02 2.659107790713562025e+01
5.980000000000000000e+02 2.651531391154728823e+01
5.990000000000000000e+02 2.643865925757029700e+01
