0.000000000000000000e+00 4.019440285917837485e+01
1.000000000000000000e+00 3.001783250739829256e+01
2.000000000000000000e+00 2.995501748199522751e+01
3.000000000000000000e+00 2.984992400078218822e+01
4.000000000000000000e+00 2.970195802286068698e+01
5.000000000000000000e+00 2.951030610886960659e+01
6.000000000000000000e+00 2.927395596151657742e+01
7.000000000000000000e+00 2.899172621832735075e+01
8.000000000000000000e+00 2.866230812325492039e+01
9.000000000000000000e+00 2.828432233014668995e+01
1.000000000000000000e+01 2.785639465329251152e+01
1.100000000000000000e+01 2.737725496891856736e+01
1.200000000000000000e+01 2.684586351402525750e+01
1.300000000000000000e+01 2.626156827871471222e+01
1.400000000000000000e+01 2.562429572661439181e+01
1.500000000000000000e+01 2.493477434544184845e+01
1.600000000000000000e+01 2.419478620327224050e+01
1.700000000000000000e+01 2.340743562239677900e+01
1.800000000000000000e+01 2.257741652659745668e+01
1.900000000000000000e+01 2.171125183789415658e+01
2.000000000000000000e+01 2.081747115117392610e+01
2.100000000000000000e+01 1.990668917106220803e+01
2.200000000000000000e+01 1.899154966582825566e+01
2.300000000000000000e+01 1.808650989529431286e+01
2.400000000000000000e+01 1.720745865767635152e+01
2.500000000000000000e+01 1.637118460579473123e+01
2.600000000000000000e+01 1.559473504379309361e+01
2.700000000000000000e+01 1.489472264430640891e+01
2.800000000000000000e+01 1.428664332301877948e+01
2.900000000000000000e+01 1.378426128456430888e+01
3.000000000000000000e+01 1.339909974338556253e+01
3.100000000000000000e+01 1.314005398406633063e+01
3.200000000000000000e+01 1.301312404393923927e+01
3.300000000000000000e+01 1.302125253040996711e+01
3.400000000000000000e+01 1.316425097313568315e+01
3.500000000000000000e+01 1.343880441935757375e+01
3.600000000000000000e+01 1.383855497530421275e+01
3.700000000000000000e+01 1.435427568018484479e+01
3.800000000000000000e+01 1.497415155559591327e+01
3.900000000000000000e+01 1.568418140718678799e+01
4.000000000000000000e+01 1.646870109603290899e+01
4.100000000000000000e+01 1.731100899751647759e+01
4.200000000000000000e+01 1.819405267882892119e+01
4.300000000000000000e+01 1.910111927996346282e+01
4.400000000000000000e+01 2.001646636025256498e+01
4.500000000000000000e+01 2.092583730909262840e+01
4.600000000000000000e+01 2.181682372659693314e+01
4.700000000000000000e+01 2.267906106933626376e+01
4.800000000000000000e+01 2.350426695885934691e+01
4.900000000000000000e+01 2.428614886383640226e+01
5.000000000000000000e+01 2.502021706708394433e+01
5.100000000000000000e+01 2.570354025194477288e+01
5.200000000000000000e+01 2.633447674996179799e+01
5.300000000000000000e+01 2.691240710664819247e+01
5.400000000000000000e+01 2.743748544593019290e+01
5.500000000000000000e+01 2.791041970533282424e+01
5.600000000000000000e+01 2.833228495567614758e+01
5.700000000000000000e+01 2.870436989661478222e+01
5.800000000000000000e+01 2.902805405811623274e+01
5.900000000000000000e+01 2.930471190445202723e+01
6.000000000000000000e+01 2.953563957368533011e+01
6.100000000000000000e+01 2.972200008120840309e+01
6.200000000000000000e+01 2.986478323308523386e+01
6.300000000000000000e+01 2.996477706956405029e+01
6.400000000000000000e+01 3.002254828825986266e+01
6.500000000000000000e+01 3.003842972346519247e+01
6.600000000000000000e+01 3.001251355815342947e+01
6.700000000000000000e+01 2.994464951517808515e+01
6.800000000000000000e+01 2.983444782172099607e+01
6.900000000000000000e+01 2.968128728322562182e+01
7.000000000000000000e+01 2.948432935456914095e+01
7.100000000000000000e+01 2.924253967303213386e+01
7.200000000000000000e+01 2.895471912512193313e+01
7.300000000000000000e+01 2.861954715003330918e+01
7.400000000000000000e+01 2.823564060524037700e+01
7.500000000000000000e+01 2.780163206799832665e+01
7.600000000000000000e+01 2.731627180414373868e+01
7.700000000000000000e+01 2.677855762152897512e+01
7.800000000000000000e+01 2.618789618389531881e+01
7.900000000000000000e+01 2.554429776615684489e+01
8.000000000000000000e+01 2.484860352337707923e+01
8.100000000000000000e+01 2.410273981286111322e+01
8.200000000000000000e+01 2.330998784298090953e+01
8.300000000000000000e+01 2.247524923101451932e+01
8.400000000000000000e+01 2.160527989285717965e+01
8.500000000000000000e+01 2.070885781200546916e+01
8.600000000000000000e+01 1.979684707836133128e+01
8.700000000000000000e+01 1.888212373413852774e+01
8.800000000000000000e+01 1.797934017000302731e+01
8.900000000000000000e+01 1.710452383884021188e+01
9.000000000000000000e+01 1.627452988549036661e+01
9.100000000000000000e+01 1.550639042775532772e+01
9.200000000000000000e+01 1.481661929823754420e+01
9.300000000000000000e+01 1.422053529005999550e+01
9.400000000000000000e+01 1.373165826710900816e+01
9.500000000000000000e+01 1.336121411384226221e+01
9.600000000000000000e+01 1.311776260897761048e+01
9.700000000000000000e+01 1.300694361958645828e+01
9.800000000000000000e+01 1.303132636039933701e+01
9.900000000000000000e+01 1.319034548566167686e+01
1.000000000000000000e+02 1.348031488563141522e+01
1.010000000000000000e+02 1.389452129189491814e+01
1.020000000000000000e+02 1.442341009588966827e+01
1.030000000000000000e+02 1.505488033767516143e+01
1.040000000000000000e+02 1.577470138887497697e+01
1.050000000000000000e+02 1.656704994092685013e+01
1.060000000000000000e+02 1.741514537267850571e+01
1.070000000000000000e+02 1.830194013856484148e+01
1.080000000000000000e+02 1.921080632118944109e+01
1.090000000000000000e+02 2.012615530281831866e+01
1.100000000000000000e+02 2.103393635506542481e+01
1.110000000000000000e+02 2.192197925091477018e+01
1.120000000000000000e+02 2.278017012670677843e+01
1.130000000000000000e+02 2.360047244765783603e+01
1.140000000000000000e+02 2.437682133548075925e+01
1.150000000000000000e+02 2.510492772138272599e+01
1.160000000000000000e+02 2.578202939484810940e+01
1.170000000000000000e+02 2.640662121643379479e+01
1.180000000000000000e+02 2.697818917378942771e+01
1.190000000000000000e+02 2.749696480988335523e+01
1.200000000000000000e+02 2.796370930249487685e+01
1.210000000000000000e+02 2.837953082347447165e+01
1.220000000000000000e+02 2.874573488514020170e+01
1.230000000000000000e+02 2.906370498629609500e+01
1.240000000000000000e+02 2.933480965962986176e+01
1.250000000000000000e+02 2.956033164081443942e+01
1.260000000000000000e+02 2.974141502482569877e+01
1.270000000000000000e+02 2.987902671840483393e+01
1.280000000000000000e+02 2.997392908312217941e+01
1.290000000000000000e+02 3.002666129461646705e+01
1.300000000000000000e+02 3.003752756810980173e+01
1.310000000000000000e+02 3.000659099671369034e+01
1.320000000000000000e+02 2.993367231545410334e+01
1.330000000000000000e+02 2.981835345041212193e+01
1.340000000000000000e+02 2.965998625422069424e+01
1.350000000000000000e+02 2.945770738354555363e+01
1.360000000000000000e+02 2.921046085429253480e+01
1.370000000000000000e+02 2.891703042141976354e+01
1.380000000000000000e+02 2.857608456220447835e+01
1.390000000000000000e+02 2.818623745994315044e+01
1.400000000000000000e+02 2.774612991775135740e+01
1.410000000000000000e+02 2.725453445611366021e+01
1.420000000000000000e+02 2.671048877351643114e+01
1.430000000000000000e+02 2.611346101193992553e+01
1.440000000000000000e+02 2.546354853560322340e+01
1.450000000000000000e+02 2.476170884184907806e+01
1.460000000000000000e+02 2.401001648203522976e+01
1.470000000000000000e+02 2.321193340646794567e+01
1.480000000000000000e+02 2.237257233439382276e+01
1.490000000000000000e+02 2.149892463632465933e+01
1.500000000000000000e+02 2.060001764835848093e+01
1.510000000000000000e+02 1.968696380692797021e+01
1.520000000000000000e+02 1.877286804218774208e+01
1.530000000000000000e+02 1.787257207533306413e+01
1.540000000000000000e+02 1.700223408210645104e+01
1.550000000000000000e+02 1.617876625989245909e+01
1.560000000000000000e+02 1.541917545428455583e+01
1.570000000000000000e+02 1.473986684918000023e+01
1.580000000000000000e+02 1.415597337823519908e+01
1.590000000000000000e+02 1.368076342157665337e+01
1.600000000000000000e+02 1.332516018321038231e+01
1.610000000000000000e+02 1.309738430175394797e+01
1.620000000000000000e+02 1.300271332442716954e+01
1.630000000000000000e+02 1.304334216471081831e+01
1.640000000000000000e+02 1.321832879741731048e+01
1.650000000000000000e+02 1.352361728778532068e+01
1.660000000000000000e+02 1.395214164633347664e+01
1.670000000000000000e+02 1.449402384710079872e+01
1.680000000000000000e+02 1.513688294784406452e+01
1.690000000000000000e+02 1.586626664258340824e+01
1.700000000000000000e+02 1.666620165232944117e+01
1.710000000000000000e+02 1.751983836993218446e+01
1.720000000000000000e+02 1.841014409762888704e+01
1.730000000000000000e+02 1.932058484745554594e+01
1.740000000000000000e+02 2.023573304451539911e+01
1.750000000000000000e+02 2.114174878745706110e+01
1.760000000000000000e+02 2.202670253883703921e+01
1.770000000000000000e+02 2.288073138182100763e+01
1.780000000000000000e+02 2.369604305964805846e+01
1.790000000000000000e+02 2.446679748290044643e+01
1.800000000000000000e+02 2.518890260860834474e+01
1.810000000000000000e+02 2.585976141919881144e+01
1.820000000000000000e+02 2.647800145623814672e+01
1.830000000000000000e+02 2.704321060347011141e+01
1.840000000000000000e+02 2.755569471042878504e+01
1.850000000000000000e+02 2.801626556637652854e+01
1.860000000000000000e+02 2.842606229309383181e+01
1.870000000000000000e+02 2.878640550203870418e+01
1.880000000000000000e+02 2.909868132781487304e+01
1.890000000000000000e+02 2.936425135675408882e+01
1.900000000000000000e+02 2.958438416576798602e+01
1.910000000000000000e+02 2.976020437815068220e+01
1.920000000000000000e+02 2.989265561040460639e+01
1.930000000000000000e+02 2.998247427924610520e+01
1.940000000000000000e+02 3.003017187030513924e+01
1.950000000000000000e+02 3.003602389184641908e+01
1.960000000000000000e+02 3.000006432946106827e+01
1.970000000000000000e+02 2.992208498100057312e+01
1.980000000000000000e+02 2.980163959606875679e+01
1.990000000000000000e+02 2.963805328685856111e+01
2.000000000000000000e+02 2.943043823400207160e+01
2.010000000000000000e+02 2.917771729489464505e+01
2.020000000000000000e+02 2.887865773651095935e+01
2.030000000000000000e+02 2.853191794747538168e+01
2.040000000000000000e+02 2.813611059667991299e+01
2.050000000000000000e+02 2.768988622107684705e+01
2.060000000000000000e+02 2.719204151291945237e+01
2.070000000000000000e+02 2.664165643831168495e+01
2.080000000000000000e+02 2.603826348053097206e+01
2.090000000000000000e+02 2.538205042432938896e+01
2.100000000000000000e+02 2.467409482270447896e+01
2.110000000000000000e+02 2.391662333709833987e+01
2.120000000000000000e+02 2.311328248525503781e+01
2.130000000000000000e+02 2.226939941117283794e+01
2.140000000000000000e+02 2.139220325026141012e+01
2.150000000000000000e+02 2.049097143960324630e+01
2.160000000000000000e+02 1.957706345548621840e+01
2.170000000000000000e+02 1.866380943737350151e+01
2.180000000000000000e+02 1.776623435882466850e+01
2.190000000000000000e+02 1.690061896679429765e+01
2.200000000000000000e+02 1.608392294567163816e+01
2.210000000000000000e+02 1.533311776831641993e+01
2.220000000000000000e+02 1.466449025224538616e+01
2.230000000000000000e+02 1.409297890473199288e+01
2.240000000000000000e+02 1.363159368994945098e+01
2.250000000000000000e+02 1.329094999529439747e+01
2.260000000000000000e+02 1.307892587696318287e+01
2.270000000000000000e+02 1.300043457331113572e+01
2.280000000000000000e+02 1.305729592470406786e+01
2.290000000000000000e+02 1.324819155367370627e+01
2.300000000000000000e+02 1.356869717877403403e+01
2.310000000000000000e+02 1.401139691864513992e+01
2.320000000000000000e+02 1.456609376517745602e+01
2.330000000000000000e+02 1.522013300982809270e+01
2.340000000000000000e+02 1.595884862165818419e+01
2.350000000000000000e+02 1.676612668687540975e+01
2.360000000000000000e+02 1.762505866534756294e+01
2.370000000000000000e+02 1.851863659879165525e+01
2.380000000000000000e+02 1.943042924090691415e+01
2.390000000000000000e+02 2.034517702665822370e+01
2.400000000000000000e+02 2.124925553619604557e+01
2.410000000000000000e+02 2.213097815324743678e+01
2.420000000000000000e+02 2.298073292949647595e+01
2.430000000000000000e+02 2.379097013550684636e+01
2.440000000000000000e+02 2.455607148790179650e+01
2.450000000000000000e+02 2.527213828938392837e+01
2.460000000000000000e+02 2.593673479354939815e+01
2.470000000000000000e+02 2.654861740095883249e+01
2.480000000000000000e+02 2.710747239232506800e+01
2.490000000000000000e+02 2.761367686799649945e+01
2.500000000000000000e+02 2.806809065843788886e+01
2.510000000000000000e+02 2.847188173934917188e+01
2.520000000000000000e+02 2.882638415666401599e+01
2.530000000000000000e+02 2.913298538922917658e+01
2.540000000000000000e+02 2.939303909631133749e+01
2.550000000000000000e+02 2.960779896695661506e+01
2.560000000000000000e+02 2.977836962293536160e+01
2.570000000000000000e+02 2.990567101626173496e+01
2.580000000000000000e+02 2.999041336562773452e+01
2.590000000000000000e+02 3.003308030902340420e+01
2.600000000000000000e+02 3.003391856865637877e+01
2.610000000000000000e+02 2.999293301310938986e+01
2.620000000000000000e+02 2.990988656210522478e+01
2.630000000000000000e+02 2.978430492304585897e+01
2.640000000000000000e+02 2.961548669189531324e+01
2.650000000000000000e+02 2.940251991050199365e+01
2.660000000000000000e+02 2.914430676000224452e+01
2.670000000000000000e+02 2.883959868775647450e+01
2.680000000000000000e+02 2.848704489824667974e+01
2.690000000000000000e+02 2.808525774420485632e+01
2.700000000000000000e+02 2.763289905036668870e+01
2.710000000000000000e+02 2.712879165070353693e+01
2.720000000000000000e+02 2.657206021352756764e+01
2.730000000000000000e+02 2.596230448469235697e+01
2.740000000000000000e+02 2.529980605272183070e+01
2.750000000000000000e+02 2.458576627552415772e+01
2.760000000000000000e+02 2.382256784765125701e+01
2.770000000000000000e+02 2.301404564348353077e+01
2.780000000000000000e+02 2.216574446145693855e+01
2.790000000000000000e+02 2.128513335367827253e+01
2.800000000000000000e+02 2.038174038373725594e+01
2.810000000000000000e+02 1.946717048847124687e+01
2.820000000000000000e+02 1.855497504491599869e+01
2.830000000000000000e+02 1.766035592768716000e+01
2.840000000000000000e+02 1.679970809311311086e+01
2.850000000000000000e+02 1.599002903386092100e+01
2.860000000000000000e+02 1.524824474832072951e+01
2.870000000000000000e+02 1.459051407216695750e+01
2.880000000000000000e+02 1.403157269638165872e+01
2.890000000000000000e+02 1.358416545005337284e+01
2.900000000000000000e+02 1.325859498049403484e+01
2.910000000000000000e+02 1.306239350743162575e+01
2.920000000000000000e+02 1.300010812838309704e+01
2.930000000000000000e+02 1.307318297367808313e+01
2.940000000000000000e+02 1.327992377267271706e+01
2.950000000000000000e+02 1.361553952492857178e+01
2.960000000000000000e+02 1.407226746585256549e+01
2.970000000000000000e+02 1.463959624800189729e+01
2.980000000000000000e+02 1.530460382878090897e+01
2.990000000000000000e+02 1.605241859607737709e+01
3.000000000000000000e+02 1.686679546362564963e+01
3.010000000000000000e+02 1.773077704094425755e+01
3.020000000000000000e+02 1.862738991856417670e+01
3.030000000000000000e+02 1.954031421829061088e+01
3.040000000000000000e+02 2.045446509229583398e+01
3.050000000000000000e+02 2.135643796480227863e+01
3.060000000000000000e+02 2.223479109039836743e+01
3.070000000000000000e+02 2.308016327205837115e+01
3.080000000000000000e+02 2.388524537983363061e+01
3.090000000000000000e+02 2.464463784268626512e+01
3.100000000000000000e+02 2.535463157786699995e+01
3.110000000000000000e+02 2.601294818470175940e+01
3.120000000000000000e+02 2.661846912991609670e+01
3.130000000000000000e+02 2.717097564068824056e+01
3.140000000000000000e+02 2.767091306972963238e+01
3.150000000000000000e+02 2.811918677673003941e+01
3.160000000000000000e+02 2.851699154975199235e+01
3.170000000000000000e+02 2.886567325254800309e+01
3.180000000000000000e+02 2.916661945722572824e+01
3.190000000000000000e+02 2.942117494848390180e+01
3.200000000000000000e+02 2.963057782491038950e+01
3.210000000000000000e+02 2.979591219770446742e+01
3.220000000000000000e+02 2.991807399631142061e+01
3.230000000000000000e+02 2.999774700086777202e+01
3.240000000000000000e+02 3.003538685425061061e+01
3.250000000000000000e+02 3.003121142217558059e+01
3.260000000000000000e+02 2.998519645485996676e+01
3.270000000000000000e+02 2.989707606145906382e+01
3.280000000000000000e+02 2.976634805130180794e+01
3.290000000000000000e+02 2.959228474050804181e+01
3.300000000000000000e+02 2.937395038492350352e+01
3.310000000000000000e+02 2.911022699165630456e+01
3.320000000000000000e+02 2.879985088234818846e+01
3.330000000000000000e+02 2.844146301392568077e+01
3.340000000000000000e+02 2.803367666057710039e+01
3.350000000000000000e+02 2.757516653561816611e+01
3.360000000000000000e+02 2.706478363823440958e+01
3.370000000000000000e+02 2.650169983148170871e+01
3.380000000000000000e+02 2.588558510297123405e+01
3.390000000000000000e+02 2.521681827888887995e+01
3.400000000000000000e+02 2.449672830444889371e+01
3.410000000000000000e+02 2.372785783291276474e+01
3.420000000000000000e+02 2.291423384203160296e+01
3.430000000000000000e+02 2.206162191373342907e+01
3.440000000000000000e+02 2.117773300211739951e+01
3.450000000000000000e+02 2.027234609291252809e+01
3.460000000000000000e+02 1.935730972728958221e+01
3.470000000000000000e+02 1.844639225512926473e+01
3.480000000000000000e+02 1.755496583300031688e+01
3.490000000000000000e+02 1.669953106471886173e+01
3.500000000000000000e+02 1.589711347240599437e+01
3.510000000000000000e+02 1.516458349035864828e+01
3.520000000000000000e+02 1.451796246995522921e+01
3.530000000000000000e+02 1.397177507942557995e+01
3.540000000000000000e+02 1.353849450841509139e+01
3.550000000000000000e+02 1.322810595137851308e+01
3.560000000000000000e+02 1.304779272206779339e+01
3.570000000000000000e+02 1.300173409882497921e+01
3.580000000000000000e+02 1.309099799848749512e+01
3.590000000000000000e+02 1.331351484937785301e+01
3.600000000000000000e+02 1.366412871229277926e+01
3.610000000000000000e+02 1.413473313132560349e+01
3.620000000000000000e+02 1.471450727248221924e+01
3.630000000000000000e+02 1.539026840658926787e+01
3.640000000000000000e+02 1.614694766961847705e+01
3.650000000000000000e+02 1.696817838167899950e+01
3.660000000000000000e+02 1.783696440110366055e+01
3.670000000000000000e+02 1.873637658090270008e+01
3.680000000000000000e+02 1.965021484087233361e+01
3.690000000000000000e+02 2.056357549187489298e+01
3.700000000000000000e+02 2.146327787195323822e+01
3.710000000000000000e+02 2.233812677801021351e+01
3.720000000000000000e+02 2.317901131488595823e+01
3.730000000000000000e+02 2.397886085510728904e+01
3.740000000000000000e+02 2.473249134309548580e+01
3.750000000000000000e+02 2.543637953495221282e+01
3.760000000000000000e+02 2.608840045134963148e+01
3.770000000000000000e+02 2.668755686452128018e+01
3.780000000000000000e+02 2.723372154778021326e+01
3.790000000000000000e+02 2.772740516551636603e+01
3.800000000000000000e+02 2.816955615271463031e+01
3.810000000000000000e+02 2.856139412202294281e+01
3.820000000000000000e+02 2.890427518549608976e+01
3.830000000000000000e+02 2.919958579719387259e+01
3.840000000000000000e+02 2.944866095210373658e+01
3.850000000000000000e+02 2.965272248153090828e+01
3.860000000000000000e+02 2.981283349723789655e+01
3.870000000000000000e+02 2.992986556371013407e+01
3.880000000000000000e+02 3.000447579428421818e+01
3.890000000000000000e+02 3.003709169917923560e+01
3.900000000000000000e+02 3.002790222573332812e+01
3.910000000000000000e+02 2.997685401257127324e+01
3.920000000000000000e+02 2.988365243446641273e+01
3.930000000000000000e+02 2.974776755688368723e+01
3.940000000000000000e+02 2.956844566500207350e+01
3.950000000000000000e+02 2.934472759745292336e+01
3.960000000000000000e+02 2.907547571013618182e+01
3.970000000000000000e+02 2.875941191912910000e+01
3.980000000000000000e+02 2.839516990331469870e+01
3.990000000000000000e+02 2.798136513622421973e+01
4.000000000000000000e+02 2.751668686827004962e+01
4.010000000000000000e+02 2.700001634158121178e+01
4.020000000000000000e+02 2.643057516471647617e+01
4.030000000000000000e+02 2.580810660369532172e+01
4.040000000000000000e+02 2.513309020541116823e+01
4.050000000000000000e+02 2.440698631499015647e+01
4.060000000000000000e+02 2.363250146793559736e+01
4.070000000000000000e+02 2.281385844329109247e+01
4.080000000000000000e+02 2.195704662724216050e+01
4.090000000000000000e+02 2.107002068669648054e+01
4.100000000000000000e+02 2.016281058845664020e+01
4.110000000000000000e+02 1.924750634106835889e+01
4.120000000000000000e+02 1.833808871026321796e+01
4.130000000000000000e+02 1.745009325364598496e+01
4.140000000000000000e+02 1.660011747118393899e+01
4.150000000000000000e+02 1.580520504882420596e+01
4.160000000000000000e+02 1.508216079240276386e+01
4.170000000000000000e+02 1.444685918990860785e+01
4.180000000000000000e+02 1.391360586966024115e+01
4.190000000000000000e+02 1.349459609346867239e+01
4.200000000000000000e+02 1.319949309855653397e+01
4.210000000000000000e+02 1.303512840392959760e+01
4.220000000000000000e+02 1.300531194081903053e+01
4.230000000000000000e+02 1.311073504139598001e+01
4.240000000000000000e+02 1.334895355950767026e+01
4.250000000000000000e+02 1.371444855329970380e+01
4.260000000000000000e+02 1.419877325450433858e+01
4.270000000000000000e+02 1.479080240741642172e+01
4.280000000000000000e+02 1.547709945745717874e+01
4.290000000000000000e+02 1.624240679715605040e+01
4.300000000000000000e+02 1.707024583772727766e+01
4.310000000000000000e+02 1.794359178873599348e+01
4.320000000000000000e+02 1.884556937050388470e+01
4.330000000000000000e+02 1.976010652384959698e+01
4.340000000000000000e+02 2.067248688838269288e+01
4.350000000000000000e+02 2.156975749258713648e+01
4.360000000000000000e+02 2.244097107301502092e+01
4.370000000000000000e+02 2.327726636171789920e+01
4.380000000000000000e+02 2.407180897551514676e+01
4.390000000000000000e+02 2.481962708180722998e+01
4.400000000000000000e+02 2.551737946151061109e+01
4.410000000000000000e+02 2.616309063779115007e+01
4.420000000000000000e+02 2.675588096272591088e+01
4.430000000000000000e+02 2.729571140699875897e+01
4.440000000000000000e+02 2.778315506412369018e+01
4.450000000000000000e+02 2.821920104817384356e+01
4.460000000000000000e+02 2.860509186167889339e+01
4.470000000000000000e+02 2.894219234174688538e+01
4.480000000000000000e+02 2.923188665185032420e+01
4.490000000000000000e+02 2.947549911364556863e+01
4.500000000000000000e+02 2.967423463937369377e+01
4.510000000000000000e+02 2.982913487207936143e+01
4.520000000000000000e+02 2.994104668411967296e+01
4.530000000000000000e+02 3.001060030573810167e+01
4.540000000000000000e+02 3.003819498665495757e+01
4.550000000000000000e+02 3.002399070241672518e+01
4.560000000000000000e+02 2.996790499494468207e+01
4.570000000000000000e+02 2.986961458957513571e+01
4.580000000000000000e+02 2.972856197243508802e+01
4.590000000000000000e+02 2.954396765954818704e+01
4.600000000000000000e+02 2.931484945761832961e+01
4.610000000000000000e+02 2.904005061536658161e+01
4.620000000000000000e+02 2.871827939047604517e+01
4.630000000000000000e+02 2.834816318707066074e+01
4.640000000000000000e+02 2.792832099709103488e+01
4.650000000000000000e+02 2.745745830513692098e+01
4.660000000000000000e+02 2.693448872889056034e+01
4.670000000000000000e+02 2.635868623161234581e+01
4.680000000000000000e+02 2.572987045130564709e+01
4.690000000000000000e+02 2.504862518612938871e+01
4.700000000000000000e+02 2.431654602079618144e+01
4.710000000000000000e+02 2.353650728968378303e+01
4.720000000000000000e+02 2.271293121569599904e+01
4.730000000000000000e+02 2.185203389399573481e+01
4.740000000000000000e+02 2.096201533270135187e+01
4.750000000000000000e+02 2.005315629537686917e+01
4.760000000000000000e+02 1.913778583690965718e+01
4.770000000000000000e+02 1.823009229093668182e+01
4.780000000000000000e+02 1.734576747996392498e+01
4.790000000000000000e+02 1.650149687040012125e+01
4.800000000000000000e+02 1.571433237298421304e+01
4.810000000000000000e+02 1.500100313893976178e+01
4.820000000000000000e+02 1.437722754698546979e+01
4.830000000000000000e+02 1.385708436296536306e+01
4.840000000000000000e+02 1.345248484910410625e+01
4.850000000000000000e+02 1.317276598682943956e+01
4.860000000000000000e+02 1.302440478852796346e+01
4.870000000000000000e+02 1.301084045773171383e+01
4.880000000000000000e+02 1.313238750217107054e+01
4.890000000000000000e+02 1.338622806386459274e+01
4.900000000000000000e+02 1.376648229379915023e+01
4.910000000000000000e+02 1.426436668101052518e+01
4.920000000000000000e+02 1.486845682672588254e+01
4.930000000000000000e+02 1.556506942376204705e+01
4.940000000000000000e+02 1.633876680208535959e+01
4.950000000000000000e+02 1.717296824353092077e+01
4.960000000000000000e+02 1.805063040116800011e+01
4.970000000000000000e+02 1.895494134568086153e+01
4.980000000000000000e+02 1.986996504526775809e+01
4.990000000000000000e+02 2.078117836199859170e+01
5.000000000000000000e+02 2.167585949856523087e+01
5.010000000000000000e+02 2.254331025895792351e+01
5.020000000000000000e+02 2.337491810972918671e+01
5.030000000000000000e+02 2.416408250066996288e+01
5.040000000000000000e+02 2.490604044152219743e+01
5.050000000000000000e+02 2.559762889166260535e+01
5.060000000000000000e+02 2.623701796772564165e+01
5.070000000000000000e+02 2.682344191356951768e+01
5.080000000000000000e+02 2.735694660131181521e+01
5.090000000000000000e+02 2.783816472942396203e+01
5.100000000000000000e+02 2.826812375220496776e+01
5.110000000000000000e+02 2.864808717969756913e+01
5.120000000000000000e+02 2.897942709619091062e+01
5.130000000000000000e+02 2.926352423991171037e+01
5.140000000000000000e+02 2.950169140625821029e+01
5.150000000000000000e+02 2.969511596096125672e+01
5.160000000000000000e+02 2.984481762806559146e+01
5.170000000000000000e+02 2.995161827540798782e+01
5.180000000000000000e+02 3.001612104547183435e+01
5.190000000000000000e+02 3.003869680925645014e+01
5.200000000000000000e+02 3.001947652514552090e+01
5.210000000000000000e+02 2.995834866172634037e+01
5.220000000000000000e+02 2.985496138862546545e+01
5.230000000000000000e+02 2.970872978773018147e+01
5.240000000000000000e+02 2.951884888095267456e+01
5.250000000000000000e+02 2.928431384536205684e+01
5.260000000000000000e+02 2.900394938838331882e+01
5.270000000000000000e+02 2.867645088424824351e+01
5.280000000000000000e+02 2.830044050024796576e+01
5.290000000000000000e+02 2.787454210788025577e+01
5.300000000000000000e+02 2.739747917244082487e+01
5.310000000000000000e+02 2.686819987527042741e+01
5.320000000000000000e+02 2.628603320209577987e+01
5.330000000000000000e+02 2.565087831276646568e+01
5.340000000000000000e+02 2.496342683295145903e+01
5.350000000000000000e+02 2.422541345039154947e+01
5.360000000000000000e+02 2.343988420299211839e+01
5.370000000000000000e+02 2.261146433801243205e+01
5.380000000000000000e+02 2.174659944043358806e+01
5.390000000000000000e+02 2.085373629771092041e+01
5.400000000000000000e+02 1.994340603637046883e+01
5.410000000000000000e+02 1.902817404964323345e+01
5.420000000000000000e+02 1.812243110216801867e+01
5.430000000000000000e+02 1.724201789719044697e+01
5.440000000000000000e+02 1.640369877094492068e+01
5.450000000000000000e+02 1.562452386005184835e+01
5.460000000000000000e+02 1.492113668586394937e+01
5.470000000000000000e+02 1.430909041455313258e+01
5.480000000000000000e+02 1.380222932620412379e+01
5.490000000000000000e+02 1.341217482855950749e+01
5.500000000000000000e+02 1.314793355162779420e+01
5.510000000000000000e+02 1.301562546236719697e+01
5.520000000000000000e+02 1.301831780051862708e+01
5.530000000000000000e+02 1.315594814042390581e+01
5.540000000000000000e+02 1.342532591295616129e+01
5.550000000000000000e+02 1.382021262043696197e+01
5.560000000000000000e+02 1.433149177313216427e+01
5.570000000000000000e+02 1.494744532303133511e+01
5.580000000000000000e+02 1.565415049216518639e+01
5.590000000000000000e+02 1.643599839382548566e+01
5.600000000000000000e+02 1.727631604329075898e+01
5.610000000000000000e+02 1.815805160574676691e+01
5.620000000000000000e+02 1.906446585079101297e+01
5.630000000000000000e+02 1.997976655441846816e+01
5.640000000000000000e+02 2.088962941422706265e+01
5.650000000000000000e+02 2.178156699889516190e+01
5.660000000000000000e+02 2.264513104306725566e+01
5.670000000000000000e+02 2.347195664439887253e+01
5.680000000000000000e+02 2.425567452921163891e+01
5.690000000000000000e+02 2.499172708811573074e+01
5.700000000000000000e+02 2.567712558609698803e+01
5.710000000000000000e+02 2.631018183812735955e+01
5.720000000000000000e+02 2.689024033182744589e+01
5.730000000000000000e+02 2.741742859875343896e+01
5.740000000000000000e+02 2.789243617672057240e+01
5.750000000000000000e+02 2.831632657829957012e+01
5.760000000000000000e+02 2.869038249024745113e+01
5.770000000000000000e+02 2.901598181065221738e+01
5.780000000000000000e+02 2.929450075481393156e+01
5.790000000000000000e+02 2.952723976883683576e+01
5.800000000000000000e+02 2.971536806812431308e+01
5.810000000000000000e+02 2.985988302588054211e+01
5.820000000000000000e+02 2.996158120736868824e+01
5.830000000000000000e+02 3.002103847396699621e+01
5.840000000000000000e+02 3.003859720875455963e+01
5.850000000000000000e+02 3.001435931676264701e+01
5.860000000000000000e+02 2.994818422392457791e+01
5.870000000000000000e+02 2.983969164721872858e+01
5.880000000000000000e+02 2.968826945023117503e+01
5.890000000000000000e+02 2.949308744945944483e+01
5.900000000000000000e+02 2.925311861215653408e+01
5.910000000000000000e+02 2.896716969284076626e+01
5.920000000000000000e+02 2.863392398579494014e+01
5.930000000000000000e+02 2.825199949491386775e+01
5.940000000000000000e+02 2.782002637538440126e+01
5.950000000000000000e+02 2.733674786994671990e+01
5.960000000000000000e+02 2.680114896776573730e+01
5.970000000000000000e+02 2.621261640344292232e+01
5.980000000000000000e+02 2.557113206403739980e+01
5.990000000000000000e+02 2.487749902269186464e+01
